3 0.5098958333333333 0.5685185185185185 0.019791666666666666 0.024074074074074074
4 0.5223958333333333 0.5791666666666667 0.019791666666666666 0.023148148148148147
4 0.49713541666666666 0.5800925925925926 0.019791666666666666 0.022222222222222223
3 0.5333333333333333 0.5916666666666667 0.019270833333333334 0.022222222222222223
0 0.5098958333333333 0.5921296296296297 0.016666666666666666 0.021296296296296296
3 0.4859375 0.5921296296296297 0.021875 0.025925925925925925
4 0.5450520833333333 0.6050925925925926 0.022395833333333334 0.025
4 0.5208333333333334 0.6032407407407407 0.021354166666666667 0.024074074074074074
3 0.49765625 0.6046296296296296 0.016666666666666666 0.024074074074074074
4 0.47317708333333336 0.6037037037037037 0.021875 0.025
3 0.5572916666666666 0.6240740740740741 0.023958333333333335 0.03796296296296296
3 0.5325520833333334 0.6236111111111111 0.023958333333333335 0.040740740740740744
4 0.5088541666666667 0.6236111111111111 0.0234375 0.03888888888888889
3 0.48515625 0.6231481481481481 0.024479166666666666 0.03981481481481482
4 0.46015625 0.6226851851851852 0.023958333333333335 0.040740740740740744
1 0.47109375 0.31805555555555554 0.019791666666666666 0.03333333333333333
2 0.36171875 0.7587962962962963 0.007291666666666667 0.012037037037037037
2 0.5091145833333334 0.7578703703703704 0.007291666666666667 0.012037037037037037
2 0.6567708333333333 0.7587962962962963 0.007291666666666667 0.012037037037037037
2 0.8236979166666667 0.6481481481481481 0.008333333333333333 0.012962962962962963
2 0.809375 0.5712962962962963 0.008333333333333333 0.012962962962962963
2 0.7963541666666667 0.49953703703703706 0.008333333333333333 0.012962962962962963
2 0.19635416666666666 0.6439814814814815 0.0067708333333333336 0.011111111111111112
2 0.21067708333333332 0.5657407407407408 0.0067708333333333336 0.011111111111111112
2 0.22447916666666667 0.49537037037037035 0.0067708333333333336 0.011111111111111112
2 0.24869791666666666 0.37083333333333335 0.007291666666666667 0.011111111111111112
2 0.259375 0.31574074074074077 0.007291666666666667 0.011111111111111112
2 0.26927083333333335 0.26435185185185184 0.007291666666666667 0.011111111111111112
2 0.7731770833333333 0.3736111111111111 0.00625 0.010185185185185186
2 0.76328125 0.31851851851851853 0.00625 0.010185185185185186
2 0.7536458333333333 0.2675925925925926 0.00625 0.010185185185185186
2 0.40963541666666664 0.20555555555555555 0.005208333333333333 0.008333333333333333
2 0.5114583333333333 0.20601851851851852 0.005208333333333333 0.008333333333333333
2 0.6125 0.2074074074074074 0.005208333333333333 0.008333333333333333