4 0.8236979166666667 0.6523148148148148 0.019270833333333334 0.030555555555555555
0 0.653125 0.5736111111111111 0.016666666666666666 0.027777777777777776
3 0.5299479166666666 0.7333333333333333 0.0203125 0.03425925925925926
4 0.4591145833333333 0.6972222222222222 0.020833333333333332 0.03518518518518519
4 0.6296875 0.6361111111111111 0.018229166666666668 0.03148148148148148
4 0.5916666666666667 0.5861111111111111 0.0171875 0.028703703703703703
4 0.5544270833333333 0.5189814814814815 0.015625 0.025
3 0.4471354166666667 0.5981481481481481 0.0171875 0.028703703703703703
3 0.38567708333333334 0.6291666666666667 0.018229166666666668 0.02962962962962963
3 0.49166666666666664 0.45740740740740743 0.0125 0.023148148148148147
4 0.34739583333333335 0.5740740740740741 0.0171875 0.02962962962962963
3 0.3723958333333333 0.47685185185185186 0.015104166666666667 0.023148148148148147
4 0.3015625 0.4842592592592593 0.015104166666666667 0.023148148148148147
1 0.29765625 0.46435185185185185 0.015104166666666667 0.021296296296296296
3 0.23411458333333332 0.4726851851851852 0.014583333333333334 0.023148148148148147
2 0.6997395833333333 0.8472222222222222 0.009895833333333333 0.01574074074074074
2 0.7940104166666667 0.7949074074074074 0.009895833333333333 0.01574074074074074
2 0.8760416666666667 0.75 0.009895833333333333 0.01574074074074074
2 0.8513020833333333 0.6319444444444444 0.00625 0.010185185185185186
2 0.7721354166666666 0.587037037037037 0.00625 0.010185185185185186
2 0.703125 0.5476851851851852 0.00625 0.010185185185185186
2 0.45625 0.8152777777777778 0.0078125 0.012962962962962963
2 0.38958333333333334 0.7462962962962963 0.0078125 0.012962962962962963
2 0.33098958333333334 0.687037037037037 0.0078125 0.012962962962962963
2 0.23854166666666668 0.5902777777777778 0.005729166666666666 0.009259259259259259
2 0.20026041666666666 0.5513888888888889 0.005729166666666666 0.009259259259259259
2 0.16640625 0.5162037037037037 0.005729166666666666 0.009259259259259259
2 0.22604166666666667 0.45231481481481484 0.005729166666666666 0.009259259259259259
2 0.296875 0.4356481481481482 0.004166666666666667 0.006481481481481481
2 0.36276041666666664 0.4203703703703704 0.004166666666666667 0.006481481481481481
2 0.5872395833333334 0.4837962962962963 0.0046875 0.007407407407407408
2 0.5380208333333333 0.4564814814814815 0.0046875 0.007407407407407408
2 0.49270833333333336 0.43148148148148147 0.0046875 0.007407407407407408