3 0.7119791666666667 0.3768518518518518 0.0203125 0.02962962962962963
4 0.7145833333333333 0.40185185185185185 0.020833333333333332 0.03333333333333333
3 0.5098958333333333 0.37175925925925923 0.0203125 0.032407407407407406
4 0.5049479166666667 0.34305555555555556 0.019791666666666666 0.032407407407407406
3 0.4674479166666667 0.37916666666666665 0.019791666666666666 0.03333333333333333
3 0.39895833333333336 0.2740740740740741 0.019270833333333334 0.030555555555555555
4 0.36171875 0.28379629629629627 0.01875 0.03148148148148148
1 0.4002604166666667 0.4305555555555556 0.021875 0.03518518518518519
3 0.4552083333333333 0.4513888888888889 0.021875 0.03425925925925926
3 0.7083333333333334 0.5166666666666667 0.022395833333333334 0.037037037037037035
4 0.43984375 0.575 0.0234375 0.03888888888888889
0 0.34348958333333335 0.5180555555555556 0.022916666666666665 0.03518518518518519
3 0.27630208333333334 0.46435185185185185 0.021354166666666667 0.03611111111111111
2 0.34921875 0.7569444444444444 0.010416666666666666 0.016666666666666666
2 0.49661458333333336 0.7578703703703704 0.010416666666666666 0.016666666666666666
2 0.64375 0.7597222222222222 0.010416666666666666 0.016666666666666666
2 0.8106770833333333 0.6462962962962963 0.0078125 0.012037037037037037
2 0.7971354166666667 0.5699074074074074 0.0078125 0.012037037037037037
2 0.7838541666666666 0.4986111111111111 0.0078125 0.012037037037037037
2 0.18333333333333332 0.6444444444444445 0.0078125 0.012037037037037037
2 0.1984375 0.5662037037037037 0.0078125 0.012037037037037037
2 0.21276041666666667 0.49444444444444446 0.0078125 0.012037037037037037
2 0.23619791666666667 0.3712962962962963 0.00625 0.009259259259259259
2 0.24713541666666666 0.3148148148148148 0.00625 0.009259259259259259
2 0.25677083333333334 0.26435185185185184 0.00625 0.009259259259259259
2 0.7609375 0.3726851851851852 0.00625 0.010185185185185186
2 0.7505208333333333 0.31805555555555554 0.00625 0.010185185185185186
2 0.7411458333333333 0.26805555555555555 0.00625 0.010185185185185186
2 0.39765625 0.20555555555555555 0.005729166666666666 0.009259259259259259
2 0.4986979166666667 0.20555555555555555 0.005729166666666666 0.009259259259259259
2 0.6005208333333333 0.2050925925925926 0.005729166666666666 0.009259259259259259