2 0.35667857142857146 0.7634666666666666 0.006511904761904761 0.0061
2 0.5036726190476191 0.7642095238095238 0.006788690476190476 0.005804761904761905
2 0.6507619047619048 0.7650285714285714 0.006511904761904761 0.005657142857142857
2 0.8183601190476191 0.6541666666666667 0.006139880952380952 0.005657142857142857
2 0.8039910714285714 0.5755190476190476 0.006044642857142857 0.005504761904761905
2 0.7912023809523809 0.5043904761904762 0.005580357142857143 0.005209523809523809
2 0.7684166666666667 0.37961428571428574 0.005208333333333333 0.005061904761904762
2 0.7580446428571429 0.3245523809523809 0.005300595238095238 0.004761904761904762
2 0.7486041666666666 0.2735142857142857 0.005023809523809523 0.005061904761904762
2 0.6078392857142857 0.2125 0.004744047619047619 0.004166666666666667
2 0.5064642857142857 0.21205238095238096 0.004744047619047619 0.004166666666666667
2 0.4051815476190476 0.21168095238095236 0.004744047619047619 0.004019047619047619
2 0.2642767857142857 0.27075714285714286 0.005300595238095238 0.004614285714285714
2 0.25432440476190477 0.32165238095238097 0.004928571428571428 0.004614285714285714
2 0.2436279761904762 0.3769333333333333 0.004928571428571428 0.004761904761904762
2 0.21949404761904762 0.5008190476190476 0.005208333333333333 0.004314285714285715
2 0.20572916666666666 0.571947619047619 0.005580357142857143 0.004614285714285714
2 0.1907083333333333 0.650295238095238 0.005860119047619048 0.005061904761904762
3 0.3158720238095238 0.4784142857142857 0.022223214285714287 0.03555714285714286
3 0.42470238095238094 0.5422238095238096 0.022419642857142857 0.037461904761904766
3 0.36160714285714285 0.34872857142857144 0.020038690476190477 0.03333333333333333
0 0.46240178571428575 0.6269857142857144 0.024008928571428573 0.03936666666666667
1 0.5228184523809524 0.48 0.02142857142857143 0.03555714285714286