4 0.28177083333333336 0.42916666666666664 0.020833333333333332 0.03611111111111111
3 0.49609375 0.25092592592592594 0.018229166666666668 0.030555555555555555
3 0.6643229166666667 0.40925925925925927 0.020833333333333332 0.03333333333333333
3 0.7325520833333333 0.4759259259259259 0.022395833333333334 0.03425925925925926
3 0.6932291666666667 0.5037037037037037 0.022395833333333334 0.03425925925925926
0 0.41484375 0.4703703703703704 0.021875 0.03518518518518519
3 0.4591145833333333 0.6333333333333333 0.024479166666666666 0.03981481481481482
1 0.49140625 0.6907407407407408 0.025 0.041666666666666664
3 0.35572916666666665 0.5791666666666667 0.022916666666666665 0.03888888888888889
4 0.37942708333333336 0.7180555555555556 0.025520833333333333 0.03611111111111111
3 0.2981770833333333 0.6921296296296297 0.025520833333333333 0.040740740740740744
2 0.3494791666666667 0.7583333333333333 0.0078125 0.012962962962962963
2 0.49713541666666666 0.7574074074074074 0.0078125 0.012962962962962963
2 0.6440104166666667 0.7583333333333333 0.0078125 0.012962962962962963
2 0.8109375 0.6476851851851851 0.007291666666666667 0.012037037037037037
2 0.796875 0.5694444444444444 0.007291666666666667 0.012037037037037037
2 0.7841145833333333 0.4981481481481482 0.007291666666666667 0.012037037037037037
2 0.18359375 0.6439814814814815 0.00625 0.010185185185185186
2 0.1984375 0.5657407407407408 0.00625 0.010185185185185186
2 0.2125 0.4949074074074074 0.00625 0.010185185185185186
2 0.2359375 0.37037037037037035 0.008333333333333333 0.012962962962962963
2 0.246875 0.3138888888888889 0.008333333333333333 0.012962962962962963
2 0.25703125 0.26481481481481484 0.008333333333333333 0.012962962962962963
2 0.7411458333333333 0.2662037037037037 0.0067708333333333336 0.011111111111111112
2 0.7513020833333334 0.3175925925925926 0.0067708333333333336 0.011111111111111112
2 0.7609375 0.37222222222222223 0.0067708333333333336 0.011111111111111112
2 0.39765625 0.2050925925925926 0.005208333333333333 0.008333333333333333
2 0.49895833333333334 0.2050925925925926 0.005208333333333333 0.008333333333333333
2 0.6002604166666666 0.2064814814814815 0.005208333333333333 0.008333333333333333