4 0.6184895833333334 0.23981481481481481 0.01875 0.03148148148148148
4 0.6575520833333334 0.32916666666666666 0.019791666666666666 0.032407407407407406
3 0.49661458333333336 0.25 0.018229166666666668 0.030555555555555555
1 0.34453125 0.35648148148148145 0.019791666666666666 0.03518518518518519
3 0.6638020833333333 0.4097222222222222 0.020833333333333332 0.03425925925925926
0 0.41510416666666666 0.4699074074074074 0.021875 0.03518518518518519
4 0.28151041666666665 0.42916666666666664 0.021354166666666667 0.03611111111111111
3 0.7325520833333333 0.47685185185185186 0.022395833333333334 0.037037037037037035
3 0.69296875 0.5041666666666667 0.022395833333333334 0.03518518518518519
4 0.7403645833333333 0.5666666666666667 0.022916666666666665 0.03888888888888889
4 0.5234375 0.6152777777777778 0.0234375 0.03888888888888889
3 0.459375 0.6324074074074074 0.024479166666666666 0.03888888888888889
3 0.35546875 0.5791666666666667 0.0234375 0.03888888888888889
4 0.3796875 0.7180555555555556 0.025 0.03611111111111111
3 0.2986979166666667 0.6921296296296297 0.025520833333333333 0.040740740740740744
2 0.3489583333333333 0.7564814814814815 0.008333333333333333 0.012962962962962963
2 0.496875 0.7574074074074074 0.008333333333333333 0.012962962962962963
2 0.6440104166666667 0.7587962962962963 0.008333333333333333 0.012962962962962963
2 0.8106770833333333 0.6462962962962963 0.007291666666666667 0.012037037037037037
2 0.7966145833333333 0.5680555555555555 0.007291666666666667 0.012037037037037037
2 0.7838541666666666 0.4981481481481482 0.007291666666666667 0.012037037037037037
2 0.18359375 0.6439814814814815 0.0067708333333333336 0.011111111111111112
2 0.1984375 0.5648148148148148 0.0067708333333333336 0.011111111111111112
2 0.21223958333333334 0.49444444444444446 0.0067708333333333336 0.011111111111111112
2 0.740625 0.26666666666666666 0.008333333333333333 0.012962962962962963
2 0.7510416666666667 0.31805555555555554 0.008333333333333333 0.012962962962962963
2 0.76015625 0.37222222222222223 0.008333333333333333 0.012962962962962963
2 0.23619791666666667 0.37037037037037035 0.0067708333333333336 0.011111111111111112
2 0.24713541666666666 0.31527777777777777 0.0067708333333333336 0.011111111111111112
2 0.25625 0.2638888888888889 0.0067708333333333336 0.011111111111111112
2 0.39791666666666664 0.20462962962962963 0.005729166666666666 0.009259259259259259
2 0.49921875 0.20555555555555555 0.005729166666666666 0.009259259259259259
2 0.60078125 0.20787037037037037 0.005729166666666666 0.009259259259259259