3 0.7416666666666667 0.7305555555555555 0.015104166666666667 0.023148148148148147
3 0.7604166666666666 0.5416666666666666 0.014583333333333334 0.024074074074074074
3 0.7690104166666667 0.31157407407407406 0.015625 0.025
0 0.6671875 0.29583333333333334 0.015104166666666667 0.024074074074074074
3 0.5338541666666666 0.5305555555555556 0.015104166666666667 0.024074074074074074
4 0.47994791666666664 0.6564814814814814 0.015625 0.025925925925925925
4 0.39427083333333335 0.5981481481481481 0.015625 0.025
1 0.33828125 0.674537037037037 0.016145833333333335 0.025925925925925925
4 0.31328125 0.6041666666666666 0.015625 0.024074074074074074
3 0.33177083333333335 0.3023148148148148 0.015625 0.025925925925925925
4 0.17942708333333332 0.475462962962963 0.016145833333333335 0.024074074074074074
3 0.19166666666666668 0.41759259259259257 0.016145833333333335 0.025
2 0.13854166666666667 0.6416666666666667 0.007291666666666667 0.012037037037037037
2 0.13880208333333333 0.5064814814814815 0.007291666666666667 0.012037037037037037
2 0.13802083333333334 0.37037037037037035 0.007291666666666667 0.012037037037037037
2 0.86484375 0.6412037037037037 0.0067708333333333336 0.010185185185185186
2 0.8651041666666667 0.5060185185185185 0.0067708333333333336 0.010185185185185186
2 0.8661458333333333 0.3699074074074074 0.0067708333333333336 0.010185185185185186
2 0.24869791666666666 0.8143518518518519 0.008333333333333333 0.013888888888888888
2 0.33307291666666666 0.8148148148148148 0.008333333333333333 0.013888888888888888
2 0.4171875 0.8157407407407408 0.008333333333333333 0.013888888888888888
2 0.58671875 0.8148148148148148 0.005729166666666666 0.009259259259259259
2 0.6713541666666667 0.8143518518518519 0.005729166666666666 0.009259259259259259
2 0.7559895833333333 0.8148148148148148 0.005729166666666666 0.009259259259259259
2 0.246875 0.19398148148148148 0.007291666666666667 0.012037037037037037
2 0.33125 0.19537037037037036 0.007291666666666667 0.012037037037037037
2 0.4166666666666667 0.19398148148148148 0.007291666666666667 0.012037037037037037
2 0.5875 0.19444444444444445 0.005208333333333333 0.008333333333333333
2 0.67265625 0.19444444444444445 0.005208333333333333 0.008333333333333333
2 0.7578125 0.19490740740740742 0.005208333333333333 0.008333333333333333