4 0.22252083333333333 0.7463285714285715 0.016824404761904763 0.027404761904761904
0 0.22986309523809526 0.6274047619047619 0.016824404761904763 0.027404761904761904
3 0.2930238095238095 0.5591333333333334 0.016517857142857143 0.030833333333333334
3 0.3895267857142857 0.6239761904761905 0.015598214285714285 0.028385714285714285
3 0.44947916666666665 0.4869476190476191 0.015598214285714285 0.027404761904761904
3 0.395952380952381 0.35701428571428573 0.01743452380952381 0.027895238095238094
3 0.492452380952381 0.4372761904761905 0.016517857142857143 0.02593809523809524
4 0.4256190476190476 0.3313190476190476 0.016211309523809524 0.02936190476190476
4 0.515547619047619 0.4372761904761905 0.016211309523809524 0.030833333333333334
4 0.6226011904761904 0.2985285714285714 0.01804761904761905 0.030342857142857144
1 0.4916875 0.3004904761904762 0.01743452380952381 0.027404761904761904
3 0.6638958333333334 0.29901904761904763 0.016211309523809524 0.028385714285714285
3 0.7007529761904763 0.546652380952381 0.015904761904761904 0.02642857142857143
2 0.13778273809523808 0.3538238095238095 0.004428571428571428 0.007519047619047619
2 0.1377172619047619 0.4905190476190476 0.0045625 0.008161904761904763
2 0.13758333333333334 0.6285047619047619 0.005101190476190476 0.007519047619047619
2 0.24744642857142857 0.8036428571428572 0.004428571428571428 0.006871428571428571
2 0.3336875 0.8028904761904762 0.004294642857142857 0.006657142857142857
2 0.4196607142857143 0.8021380952380952 0.0057708333333333335 0.0077333333333333325
2 0.5920744047619048 0.8013857142857144 0.0045625 0.008376190476190476
2 0.677577380952381 0.7999904761904763 0.004833333333333333 0.00859047619047619
2 0.7640863095238095 0.7990238095238096 0.004967261904761905 0.007519047619047619
2 0.8728779761904761 0.6222761904761904 0.004833333333333333 0.007519047619047619
2 0.8720714285714285 0.485147619047619 0.004833333333333333 0.0073
2 0.8713333333333333 0.3478095238095238 0.004699404761904761 0.010095238095238095
2 0.7607976190476191 0.1734190476190476 0.004294642857142857 0.007519047619047619
2 0.6755625 0.17406666666666668 0.004833333333333333 0.007085714285714286
2 0.5896577380952381 0.1744952380952381 0.004833333333333333 0.008376190476190476
2 0.41925595238095237 0.17546190476190476 0.0052351190476190475 0.008161904761904763
2 0.33348511904761907 0.17664285714285713 0.004967261904761905 0.007947619047619049
2 0.24778273809523807 0.17718095238095238 0.005369047619047619 0.0073