0 0.6630208333333333 0.4828703703703704 0.019270833333333334 0.03148148148148148
4 0.625 0.6722222222222223 0.025 0.041666666666666664
4 0.5458333333333333 0.6166666666666667 0.022916666666666665 0.03796296296296296
3 0.421875 0.6287037037037037 0.0234375 0.03888888888888889
1 0.5013020833333334 0.4962962962962963 0.019270833333333334 0.032407407407407406
3 0.4747395833333333 0.4513888888888889 0.018229166666666668 0.02962962962962963
3 0.42109375 0.42407407407407405 0.0171875 0.028703703703703703
3 0.42135416666666664 0.3921296296296296 0.016145833333333335 0.026851851851851852
3 0.27395833333333336 0.5421296296296296 0.021354166666666667 0.03425925925925926
3 0.30859375 0.4185185185185185 0.0171875 0.027777777777777776
4 0.35234375 0.3384259259259259 0.015104166666666667 0.024074074074074074
2 0.67265625 0.725925925925926 0.00625 0.010185185185185186
2 0.7721354166666666 0.6722222222222223 0.00625 0.010185185185185186
2 0.8578125 0.6277777777777778 0.00625 0.010185185185185186
2 0.8239583333333333 0.5189814814814815 0.005208333333333333 0.008333333333333333
2 0.73671875 0.48148148148148145 0.005208333333333333 0.008333333333333333
2 0.66015625 0.44675925925925924 0.005208333333333333 0.008333333333333333
2 0.5302083333333333 0.38981481481481484 0.004166666666666667 0.006481481481481481
2 0.47421875 0.3648148148148148 0.004166666666666667 0.006481481481481481
2 0.4234375 0.3425925925925926 0.004166666666666667 0.006481481481481481
2 0.2786458333333333 0.3351851851851852 0.004166666666666667 0.006481481481481481
2 0.20546875 0.3509259259259259 0.004166666666666667 0.006481481481481481
2 0.125 0.3680555555555556 0.004166666666666667 0.006481481481481481
2 0.05859375 0.42824074074074076 0.0046875 0.007407407407407408
2 0.09869791666666666 0.4615740740740741 0.0046875 0.007407407407407408
2 0.14401041666666667 0.49722222222222223 0.0046875 0.007407407407407408
2 0.25286458333333334 0.5861111111111111 0.005208333333333333 0.008333333333333333
2 0.32057291666666665 0.6407407407407407 0.0067708333333333336 0.011111111111111112
2 0.4005208333333333 0.7046296296296296 0.0067708333333333336 0.011111111111111112