2 0.4191964285714286 0.17563333333333334 0.004068452380952381 0.00650952380952381
2 0.33363095238095236 0.17634761904761903 0.003967261904761905 0.006347619047619047
2 0.24791666666666667 0.17714285714285713 0.0035714285714285713 0.006033333333333333
2 0.13764880952380953 0.353252380952381 0.003669642857142857 0.006190476190476191
2 0.13759821428571428 0.49047619047619045 0.0035714285714285713 0.006033333333333333
2 0.13759821428571428 0.6284142857142857 0.0037708333333333335 0.006033333333333333
2 0.24741964285714288 0.8039666666666666 0.0037708333333333335 0.006347619047619047
2 0.33363095238095236 0.8029380952380952 0.0037708333333333335 0.006190476190476191
2 0.4195922619047619 0.8023 0.004264880952380952 0.00650952380952381
2 0.5917648809523809 0.8010333333333334 0.0037708333333333335 0.00650952380952381
2 0.6777291666666667 0.7998428571428572 0.003669642857142857 0.006347619047619047
2 0.7636904761904761 0.7991285714285714 0.003967261904761905 0.00650952380952381
2 0.8729672619047619 0.6227761904761905 0.003669642857142857 0.006190476190476191
2 0.872172619047619 0.4851571428571429 0.003669642857142857 0.005871428571428572
2 0.8714791666666667 0.3481761904761905 0.003669642857142857 0.005871428571428572
2 0.7608630952380953 0.1734904761904762 0.0034732142857142856 0.006033333333333333
2 0.6754970238095238 0.17396666666666666 0.0037708333333333335 0.006666666666666667
2 0.5899315476190476 0.17444285714285712 0.003869047619047619 0.006347619047619047
4 0.3425803571428571 0.4401380952380952 0.01594345238095238 0.025852380952380953
4 0.20641964285714287 0.5195571428571428 0.015306547619047619 0.02550952380952381
4 0.4563125 0.725 0.015517857142857142 0.02619047619047619
4 0.5215773809523809 0.6880952380952381 0.015517857142857142 0.025852380952380953
4 0.7143928571428572 0.6976190476190476 0.015517857142857142 0.02449047619047619
4 0.7339494047619048 0.5904761904761905 0.015517857142857142 0.025852380952380953
4 0.6894136904761904 0.5498285714285714 0.015306547619047619 0.02482857142857143
3 0.3487470238095238 0.39472857142857143 0.015092261904761905 0.02550952380952381
3 0.21492261904761906 0.6263619047619047 0.01488095238095238 0.02550952380952381
3 0.328125 0.6496619047619048 0.015517857142857142 0.02517142857142857
3 0.3875416666666667 0.7199 0.015306547619047619 0.02550952380952381
3 0.7777410714285714 0.41904761904761906 0.01594345238095238 0.025852380952380953
3 0.7777410714285714 0.2760190476190476 0.015517857142857142 0.02550952380952381
1 0.5635625 0.3159857142857143 0.015732142857142858 0.025852380952380953
0 0.5890744047619048 0.5459190476190476 0.01488095238095238 0.023809523809523808