3 0.3 0.5430555555555555 0.022916666666666665 0.037037037037037035
3 0.35572916666666665 0.5 0.021875 0.037037037037037035
1 0.4158854166666667 0.5666666666666667 0.022916666666666665 0.03981481481481482
3 0.4375 0.6611111111111111 0.024479166666666666 0.040740740740740744
3 0.51484375 0.6712962962962963 0.025 0.03888888888888889
3 0.5765625 0.7217592592592592 0.025 0.030555555555555555
4 0.5885416666666666 0.6231481481481481 0.023958333333333335 0.03981481481481482
0 0.6098958333333333 0.5888888888888889 0.0234375 0.03888888888888889
3 0.5825520833333333 0.5370370370370371 0.022916666666666665 0.03611111111111111
3 0.5661458333333333 0.3638888888888889 0.0203125 0.032407407407407406
4 0.646875 0.2875 0.019270833333333334 0.02962962962962963
2 0.3497395833333333 0.7560185185185185 0.00625 0.010185185185185186
2 0.49609375 0.7574074074074074 0.00625 0.010185185185185186
2 0.6434895833333333 0.7578703703703704 0.00625 0.010185185185185186
2 0.8109375 0.6462962962962963 0.0078125 0.012962962962962963
2 0.7963541666666667 0.5680555555555555 0.0078125 0.012962962962962963
2 0.7838541666666666 0.49675925925925923 0.0078125 0.012962962962962963
2 0.18385416666666668 0.6435185185185185 0.00625 0.010185185185185186
2 0.1984375 0.5662037037037037 0.00625 0.010185185185185186
2 0.21197916666666666 0.4935185185185185 0.00625 0.010185185185185186
2 0.7609375 0.3736111111111111 0.00625 0.010185185185185186
2 0.7505208333333333 0.31805555555555554 0.00625 0.010185185185185186
2 0.7408854166666666 0.26666666666666666 0.00625 0.010185185185185186
2 0.23645833333333333 0.36898148148148147 0.00625 0.010185185185185186
2 0.24713541666666666 0.3143518518518518 0.00625 0.010185185185185186
2 0.25625 0.26481481481481484 0.00625 0.010185185185185186
2 0.39791666666666664 0.2050925925925926 0.0046875 0.007407407407407408
2 0.49921875 0.2050925925925926 0.0046875 0.007407407407407408
2 0.6002604166666666 0.2050925925925926 0.0046875 0.007407407407407408