0 0.64921875 0.6291666666666667 0.0203125 0.03333333333333333
3 0.3502604166666667 0.6689814814814815 0.020833333333333332 0.03333333333333333
3 0.3763020833333333 0.625462962962963 0.019791666666666666 0.032407407407407406
1 0.4674479166666667 0.6037037037037037 0.019270833333333334 0.032407407407407406
3 0.37864583333333335 0.4810185185185185 0.016145833333333335 0.026851851851851852
2 0.615625 0.8162037037037037 0.009375 0.014814814814814815
2 0.7114583333333333 0.7592592592592593 0.009375 0.014814814814814815
2 0.7958333333333333 0.7087962962962963 0.009375 0.014814814814814815
2 0.7744791666666667 0.5902777777777778 0.0046875 0.007407407407407408
2 0.6963541666666667 0.5481481481481482 0.004166666666666667 0.005555555555555556
2 0.62734375 0.5101851851851852 0.0046875 0.007407407407407408
2 0.36744791666666665 0.7912037037037037 0.008333333333333333 0.012962962962962963
2 0.2986979166666667 0.7212962962962963 0.008333333333333333 0.012962962962962963
2 0.24010416666666667 0.6606481481481481 0.008333333333333333 0.012962962962962963
2 0.14609375 0.5634259259259259 0.00625 0.010185185185185186
2 0.10598958333333333 0.5222222222222223 0.00625 0.010185185185185186
2 0.07083333333333333 0.4861111111111111 0.00625 0.010185185185185186
2 0.1359375 0.4199074074074074 0.0046875 0.007407407407407408
2 0.21067708333333332 0.4013888888888889 0.0046875 0.007407407407407408
2 0.28072916666666664 0.3837962962962963 0.0046875 0.007407407407407408
2 0.41484375 0.3925925925925926 0.004166666666666667 0.006481481481481481
2 0.46015625 0.41759259259259257 0.004166666666666667 0.006481481481481481
2 0.5106770833333333 0.44583333333333336 0.004166666666666667 0.006481481481481481