4 0.6341145833333334 0.7898148148148149 0.021875 0.037037037037037035
3 0.72734375 0.6643518518518519 0.01875 0.02962962962962963
4 0.6049479166666667 0.674537037037037 0.018229166666666668 0.030555555555555555
0 0.4354166666666667 0.6884259259259259 0.019270833333333334 0.03148148148148148
3 0.453125 0.6615740740740741 0.018229166666666668 0.030555555555555555
3 0.48359375 0.6875 0.01875 0.030555555555555555
3 0.5028645833333333 0.5981481481481481 0.016666666666666666 0.026851851851851852
4 0.5541666666666667 0.5935185185185186 0.016666666666666666 0.027777777777777776
4 0.5645833333333333 0.5115740740740741 0.0140625 0.022222222222222223
4 0.47890625 0.4777777777777778 0.0125 0.022222222222222223
3 0.38203125 0.4671296296296296 0.013020833333333334 0.021296296296296296
3 0.37135416666666665 0.5125 0.014583333333333334 0.023148148148148147
4 0.31927083333333334 0.5689814814814815 0.016145833333333335 0.025
3 0.2669270833333333 0.562037037037037 0.016145833333333335 0.024074074074074074
2 0.70390625 0.8004629629629629 0.008333333333333333 0.012962962962962963
2 0.7830729166666667 0.7541666666666667 0.008333333333333333 0.012962962962962963
2 0.8526041666666667 0.7111111111111111 0.008333333333333333 0.012962962962962963
2 0.8205729166666667 0.6101851851851852 0.004166666666666667 0.006481481481481481
2 0.74609375 0.5731481481481482 0.004166666666666667 0.006481481481481481
2 0.68046875 0.5412037037037037 0.004166666666666667 0.006481481481481481
2 0.5690104166666666 0.4861111111111111 0.0036458333333333334 0.005555555555555556
2 0.52109375 0.46296296296296297 0.0036458333333333334 0.005555555555555556
2 0.47760416666666666 0.4412037037037037 0.0036458333333333334 0.005555555555555556
2 0.35625 0.4337962962962963 0.0046875 0.007407407407407408
2 0.29635416666666664 0.4486111111111111 0.0046875 0.007407407407407408
2 0.23125 0.46435185185185185 0.0046875 0.007407407407407408
2 0.18125 0.5212962962962963 0.005729166666666666 0.009259259259259259
2 0.21640625 0.5523148148148148 0.005729166666666666 0.009259259259259259
2 0.2565104166666667 0.587037037037037 0.005729166666666666 0.009259259259259259
2 0.3515625 0.6694444444444444 0.007291666666666667 0.011111111111111112
2 0.4114583333333333 0.7212962962962963 0.007291666666666667 0.011111111111111112
2 0.48098958333333336 0.7810185185185186 0.007291666666666667 0.011111111111111112