4 0.8203125 0.7694444444444445 0.016145833333333335 0.026851851851851852
4 0.7986979166666667 0.6564814814814814 0.016145833333333335 0.026851851851851852
3 0.7739583333333333 0.48842592592592593 0.015625 0.026851851851851852
4 0.7544270833333333 0.4027777777777778 0.015625 0.025925925925925925
3 0.6885416666666667 0.2875 0.014583333333333334 0.025925925925925925
3 0.45416666666666666 0.3763888888888889 0.015104166666666667 0.026851851851851852
3 0.19973958333333333 0.6754629629629629 0.016145833333333335 0.027777777777777776
0 0.22838541666666667 0.600925925925926 0.015625 0.025925925925925925
1 0.2390625 0.41203703703703703 0.016145833333333335 0.027777777777777776
3 0.21588541666666666 0.3962962962962963 0.015625 0.025
4 0.17291666666666666 0.4013888888888889 0.015625 0.027777777777777776
2 0.13880208333333333 0.6569444444444444 0.007291666666666667 0.012962962962962963
2 0.13802083333333334 0.5064814814814815 0.007291666666666667 0.012962962962962963
2 0.13776041666666666 0.35509259259259257 0.007291666666666667 0.012962962962962963
2 0.246875 0.16111111111111112 0.007291666666666667 0.012962962962962963
2 0.33177083333333335 0.16064814814814815 0.007291666666666667 0.012962962962962963
2 0.4171875 0.16018518518518518 0.007291666666666667 0.012962962962962963
2 0.5872395833333334 0.1597222222222222 0.007291666666666667 0.012962962962962963
2 0.6723958333333333 0.16018518518518518 0.007291666666666667 0.012962962962962963
2 0.7578125 0.16064814814814815 0.007291666666666667 0.012962962962962963
2 0.8658854166666666 0.3541666666666667 0.007291666666666667 0.012962962962962963
2 0.865625 0.5069444444444444 0.007291666666666667 0.012962962962962963
2 0.86484375 0.6569444444444444 0.007291666666666667 0.012962962962962963
2 0.7557291666666667 0.8490740740740741 0.007291666666666667 0.012962962962962963
2 0.6716145833333333 0.85 0.007291666666666667 0.012962962962962963
2 0.5864583333333333 0.85 0.007291666666666667 0.012962962962962963
2 0.41796875 0.850462962962963 0.007291666666666667 0.012962962962962963
2 0.33229166666666665 0.8486111111111111 0.007291666666666667 0.012962962962962963
2 0.24791666666666667 0.85 0.007291666666666667 0.012962962962962963
3 0.6035885416666668 0.48767592592592596 0.018098958333333335 0.03125