3 0.5723958333333333 0.5847222222222223 0.013020833333333334 0.012962962962962963
4 0.5848958333333333 0.5884259259259259 0.011979166666666667 0.011111111111111112
4 0.57265625 0.5930555555555556 0.013020833333333334 0.012962962962962963
3 0.5971354166666667 0.5935185185185186 0.0140625 0.012962962962962963
0 0.5854166666666667 0.5967592592592592 0.013020833333333334 0.011111111111111112
3 0.5729166666666666 0.6013888888888889 0.0125 0.012962962962962963
4 0.6098958333333333 0.5981481481481481 0.013020833333333334 0.012962962962962963
3 0.5981770833333333 0.6013888888888889 0.011979166666666667 0.012037037037037037
3 0.5861979166666667 0.6050925925925926 0.0125 0.012037037037037037
4 0.5739583333333333 0.6106481481481482 0.013020833333333334 0.01574074074074074
3 0.6229166666666667 0.6078703703703704 0.013020833333333334 0.023148148148148147
4 0.6109375 0.612037037037037 0.0140625 0.023148148148148147
3 0.59921875 0.6157407407407407 0.0140625 0.023148148148148147
4 0.5875 0.6194444444444445 0.013541666666666667 0.023148148148148147
4 0.575 0.6236111111111111 0.014583333333333334 0.024074074074074074
1 0.41744791666666664 0.475 0.011458333333333333 0.016666666666666666
2 0.6104166666666667 0.7240740740740741 0.00625 0.010185185185185186
2 0.68671875 0.6930555555555555 0.00625 0.010185185185185186
2 0.7557291666666667 0.6648148148148149 0.00625 0.010185185185185186
2 0.7580729166666667 0.5791666666666667 0.00625 0.010185185185185186
2 0.7075520833333333 0.5449074074074074 0.00625 0.010185185185185186
2 0.6638020833333333 0.513425925925926 0.004166666666666667 0.007407407407407408
2 0.5919270833333333 0.46296296296296297 0.004166666666666667 0.007407407407407408
2 0.5611979166666666 0.44212962962962965 0.004166666666666667 0.007407407407407408
2 0.5338541666666666 0.4236111111111111 0.004166666666666667 0.007407407407407408
2 0.44765625 0.4115740740740741 0.0020833333333333333 0.003703703703703704
2 0.44557291666666665 0.6837962962962963 0.00625 0.010185185185185186
2 0.4114583333333333 0.6324074074074074 0.00625 0.010185185185185186
2 0.3828125 0.5888888888888889 0.00625 0.010185185185185186
2 0.3372395833333333 0.5194444444444445 0.00625 0.010185185185185186
2 0.31953125 0.4930555555555556 0.00625 0.010185185185185186
2 0.303125 0.46805555555555556 0.004166666666666667 0.006481481481481481
2 0.3515625 0.4287037037037037 0.004166666666666667 0.006481481481481481
2 0.4010416666666667 0.41944444444444445 0.004166666666666667 0.006481481481481481