3 0.7263020833333333 0.6726851851851852 0.0171875 0.025925925925925925
4 0.62734375 0.5958333333333333 0.015104166666666667 0.025925925925925925
4 0.5505208333333333 0.6032407407407407 0.015104166666666667 0.025
4 0.528125 0.6134259259259259 0.015625 0.026851851851851852
4 0.5028645833333333 0.6958333333333333 0.017708333333333333 0.030555555555555555
0 0.42239583333333336 0.6601851851851852 0.0171875 0.027777777777777776
4 0.24921875 0.549537037037037 0.015104166666666667 0.024074074074074074
3 0.2796875 0.6 0.015104166666666667 0.020370370370370372
4 0.2791666666666667 0.5578703703703703 0.014583333333333334 0.023148148148148147
1 0.30026041666666664 0.5060185185185185 0.013020833333333334 0.021296296296296296
3 0.32734375 0.5416666666666666 0.0140625 0.022222222222222223
3 0.4205729166666667 0.537962962962963 0.013541666666666667 0.022222222222222223
3 0.4825520833333333 0.5504629629629629 0.0140625 0.023148148148148147
3 0.46640625 0.47685185185185186 0.011979166666666667 0.019444444444444445
3 0.4309895833333333 0.47129629629629627 0.011979166666666667 0.019444444444444445
4 0.40703125 0.43703703703703706 0.011458333333333333 0.017592592592592594
2 0.5716145833333334 0.7870370370370371 0.007291666666666667 0.011111111111111112
2 0.65625 0.7430555555555556 0.007291666666666667 0.011111111111111112
2 0.7328125 0.7041666666666667 0.007291666666666667 0.011111111111111112
2 0.7239583333333334 0.6046296296296296 0.007291666666666667 0.011111111111111112
2 0.66484375 0.5648148148148148 0.007291666666666667 0.011111111111111112
2 0.6119791666666666 0.5310185185185186 0.007291666666666667 0.011111111111111112
2 0.5223958333333333 0.47824074074074074 0.007291666666666667 0.011111111111111112
2 0.48489583333333336 0.45416666666666666 0.007291666666666667 0.011111111111111112
2 0.44947916666666665 0.4310185185185185 0.007291666666666667 0.011111111111111112
2 0.3729166666666667 0.7569444444444444 0.007291666666666667 0.011111111111111112
2 0.325 0.6962962962962963 0.007291666666666667 0.011111111111111112
2 0.2838541666666667 0.6453703703703704 0.007291666666666667 0.011111111111111112
2 0.21979166666666666 0.5638888888888889 0.007291666666666667 0.011111111111111112
2 0.19296875 0.5296296296296297 0.007291666666666667 0.011111111111111112
2 0.16979166666666667 0.5 0.007291666666666667 0.011111111111111112
2 0.22708333333333333 0.44814814814814813 0.007291666666666667 0.011111111111111112
2 0.28880208333333335 0.43333333333333335 0.007291666666666667 0.011111111111111112
2 0.34427083333333336 0.4222222222222222 0.007291666666666667 0.011111111111111112