4 0.8197916666666667 0.7694444444444445 0.015625 0.027777777777777776
4 0.7984375 0.6560185185185186 0.016145833333333335 0.027777777777777776
3 0.7739583333333333 0.48842592592592593 0.015625 0.026851851851851852
4 0.7544270833333333 0.4027777777777778 0.015625 0.025925925925925925
3 0.6885416666666667 0.2865740740740741 0.014583333333333334 0.025925925925925925
3 0.6033854166666667 0.4875 0.014583333333333334 0.025925925925925925
3 0.45416666666666666 0.3763888888888889 0.015104166666666667 0.026851851851851852
3 0.19947916666666668 0.674537037037037 0.016145833333333335 0.027777777777777776
0 0.22864583333333333 0.600925925925926 0.016145833333333335 0.026851851851851852
1 0.23854166666666668 0.4111111111111111 0.016145833333333335 0.027777777777777776
3 0.215625 0.3962962962962963 0.015625 0.025925925925925925
4 0.17265625 0.4013888888888889 0.016145833333333335 0.026851851851851852
2 0.1390625 0.6564814814814814 0.007291666666666667 0.012962962962962963
2 0.13854166666666667 0.5064814814814815 0.007291666666666667 0.012962962962962963
2 0.1390625 0.3541666666666667 0.007291666666666667 0.012962962962962963
2 0.246875 0.16018518518518518 0.007291666666666667 0.012962962962962963
2 0.33229166666666665 0.16064814814814815 0.007291666666666667 0.012962962962962963
2 0.4166666666666667 0.16018518518518518 0.007291666666666667 0.012962962962962963
2 0.58671875 0.1597222222222222 0.007291666666666667 0.012962962962962963
2 0.6723958333333333 0.16018518518518518 0.007291666666666667 0.012962962962962963
2 0.7580729166666667 0.16064814814814815 0.007291666666666667 0.012962962962962963
2 0.865625 0.35509259259259257 0.007291666666666667 0.012962962962962963
2 0.865625 0.5060185185185185 0.007291666666666667 0.012962962962962963
2 0.8651041666666667 0.6578703703703703 0.007291666666666667 0.012962962962962963
2 0.7557291666666667 0.8495370370370371 0.007291666666666667 0.012962962962962963
2 0.6708333333333333 0.8495370370370371 0.007291666666666667 0.012962962962962963
2 0.5861979166666667 0.85 0.007291666666666667 0.012962962962962963
2 0.41744791666666664 0.8495370370370371 0.007291666666666667 0.012962962962962963
2 0.33255208333333336 0.8495370370370371 0.007291666666666667 0.012962962962962963
2 0.24817708333333333 0.8486111111111111 0.007291666666666667 0.012962962962962963