1 0.5940104166666667 0.35138888888888886 0.0171875 0.02962962962962963
0 0.40859375 0.6620370370370371 0.021354166666666667 0.03981481481481482
4 0.41822916666666665 0.674074074074074 0.022916666666666665 0.040740740740740744
2 0.38333333333333336 0.7671296296296296 0.008854166666666666 0.01574074074074074
2 0.49375 0.7666666666666667 0.008854166666666666 0.01574074074074074
2 0.6052083333333333 0.7638888888888888 0.008854166666666666 0.01574074074074074
2 0.7231770833333333 0.6726851851851852 0.009895833333333333 0.017592592592592594
2 0.7106770833333333 0.6106481481481482 0.009895833333333333 0.017592592592592594
2 0.6989583333333333 0.5513888888888889 0.009895833333333333 0.017592592592592594
2 0.68125 0.4527777777777778 0.009895833333333333 0.017592592592592594
2 0.6731770833333334 0.4097222222222222 0.009895833333333333 0.017592592592592594
2 0.6666666666666666 0.3699074074074074 0.009895833333333333 0.017592592592592594
2 0.2638020833333333 0.6763888888888889 0.010416666666666666 0.018518518518518517
2 0.27838541666666666 0.6101851851851852 0.010416666666666666 0.018518518518518517
2 0.29010416666666666 0.5550925925925926 0.010416666666666666 0.018518518518518517
2 0.3109375 0.45601851851851855 0.010416666666666666 0.018518518518518517
2 0.31875 0.41064814814814815 0.010416666666666666 0.018518518518518517
2 0.3268229166666667 0.3736111111111111 0.010416666666666666 0.018518518518518517
2 0.5684895833333333 0.32592592592592595 0.004166666666666667 0.007407407407407408
2 0.49635416666666665 0.3263888888888889 0.004166666666666667 0.007407407407407408
2 0.42421875 0.32731481481481484 0.004166666666666667 0.007407407407407408