4 0.5778645833333333 0.20787037037037037 0.019791666666666666 0.032407407407407406
3 0.60546875 0.40185185185185185 0.020833333333333332 0.037037037037037035
3 0.6963541666666667 0.6101851851851852 0.023958333333333335 0.04259259259259259
4 0.5981770833333333 0.6787037037037037 0.024479166666666666 0.04537037037037037
3 0.5197916666666667 0.5277777777777778 0.022916666666666665 0.040740740740740744
3 0.5200520833333333 0.6990740740740741 0.025 0.044444444444444446
0 0.4393229166666667 0.2412037037037037 0.01875 0.03425925925925926
1 0.2908854166666667 0.48148148148148145 0.021875 0.040740740740740744
4 0.36302083333333335 0.7268518518518519 0.025520833333333333 0.04722222222222222
4 0.25234375 0.749537037037037 0.025520833333333333 0.03888888888888889
2 0.18958333333333333 0.6666666666666666 0.007291666666666667 0.012962962962962963
2 0.20546875 0.5791666666666667 0.007291666666666667 0.012962962962962963
2 0.21901041666666668 0.49953703703703706 0.007291666666666667 0.012962962962962963
2 0.24348958333333334 0.36203703703703705 0.007291666666666667 0.012962962962962963
2 0.25390625 0.300462962962963 0.007291666666666667 0.012962962962962963
2 0.2638020833333333 0.2439814814814815 0.007291666666666667 0.012962962962962963
2 0.4046875 0.1787037037037037 0.007291666666666667 0.012962962962962963
2 0.5059895833333333 0.17916666666666667 0.007291666666666667 0.012962962962962963
2 0.6067708333333334 0.17962962962962964 0.007291666666666667 0.012962962962962963
2 0.74765625 0.24722222222222223 0.007291666666666667 0.012962962962962963
2 0.7572916666666667 0.30277777777777776 0.007291666666666667 0.012962962962962963
2 0.7677083333333333 0.36574074074074076 0.007291666666666667 0.012962962962962963
2 0.7908854166666667 0.5037037037037037 0.007291666666666667 0.012962962962962963
2 0.803125 0.5828703703703704 0.007291666666666667 0.012962962962962963
2 0.8171875 0.6703703703703704 0.007291666666666667 0.012962962962962963
2 0.6494791666666667 0.7935185185185185 0.007291666666666667 0.012962962962962963
2 0.5028645833333333 0.7930555555555555 0.007291666666666667 0.012962962962962963
2 0.35572916666666665 0.7925925925925926 0.007291666666666667 0.012962962962962963