2 0.41968750000000005 0.8022428571428571 0.004113095238095239 0.006161904761904762
2 0.33355357142857145 0.8029428571428572 0.004113095238095239 0.006723809523809523
2 0.24750595238095238 0.8038523809523809 0.00394047619047619 0.006580952380952381
2 0.13764880952380953 0.6285714285714286 0.0037648809523809523 0.006723809523809523
2 0.13769345238095237 0.49075714285714284 0.004202380952380952 0.006161904761904762
2 0.13773511904761906 0.35364285714285715 0.0037648809523809523 0.006723809523809523
2 0.2478125 0.1773809523809524 0.0040267857142857145 0.006304761904761905
2 0.33350892857142855 0.17647142857142856 0.003851190476190476 0.006161904761904762
2 0.41916071428571433 0.1756285714285714 0.0037648809523809523 0.0064428571428571425
2 0.5897678571428571 0.1745809523809524 0.00394047619047619 0.006580952380952381
2 0.6753333333333333 0.17422857142857143 0.003851190476190476 0.005880952380952381
2 0.7609404761904762 0.17394761904761905 0.003675595238095238 0.0064428571428571425
2 0.8711934523809524 0.34818095238095237 0.00394047619047619 0.0064428571428571425
2 0.8721994047619048 0.48543333333333333 0.003675595238095238 0.0064428571428571425
2 0.8728541666666667 0.6227571428571428 0.0037648809523809523 0.006861904761904762
2 0.7636994047619048 0.7994380952380952 0.00394047619047619 0.006723809523809523
2 0.6776964285714285 0.8002095238095238 0.003851190476190476 0.006580952380952381
2 0.5916934523809524 0.8009809523809523 0.0037648809523809523 0.006723809523809523
3 0.29110714285714284 0.6589285714285714 0.014136904761904762 0.023809523809523808
3 0.3058958333333333 0.6157761904761905 0.015068452380952382 0.024404761904761905
3 0.18340773809523808 0.3599714285714286 0.015997023809523808 0.024704761904761906
3 0.33751785714285715 0.3662190476190476 0.013952380952380954 0.023514285714285717
3 0.6835922619047619 0.5782761904761905 0.015625 0.024404761904761905
3 0.7327946428571429 0.7355666666666667 0.015068452380952382 0.0253
3 0.6017470238095238 0.6185999999999999 0.01488095238095238 0.02410952380952381
1 0.3005952380952381 0.4671761904761905 0.015306547619047619 0.02550952380952381
4 0.3220654761904762 0.27568095238095236 0.015306547619047619 0.02619047619047619
4 0.5497440476190476 0.43316190476190475 0.016157738095238097 0.02550952380952381
4 0.6063988095238095 0.22993333333333335 0.01594345238095238 0.02720952380952381
4 0.7219375 0.357652380952381 0.015732142857142858 0.02619047619047619
4 0.7494672619047619 0.6066333333333334 0.01594345238095238 0.02619047619047619
0 0.5774880952380952 0.22925238095238096 0.01424404761904762 0.02449047619047619
4 0.39514583333333336 0.5895619047619047 0.016026785714285716 0.02600952380952381