2 0.45544940476190476 0.7137666666666667 0.005952380952380952 0.005504761904761905
2 0.3791845238095238 0.6549095238095238 0.006139880952380952 0.005357142857142857
2 0.31315178571428576 0.6037952380952382 0.005395833333333333 0.005504761904761905
2 0.2054047619047619 0.5206095238095237 0.004928571428571428 0.004614285714285714
2 0.1600625 0.4855666666666667 0.004836309523809524 0.004761904761904762
2 0.11932738095238095 0.45394285714285715 0.004464285714285714 0.004314285714285715
2 0.17159523809523808 0.3930809523809524 0.004279761904761905 0.003423809523809524
2 0.2417232142857143 0.3753714285714286 0.003720238095238095 0.0031238095238095235
2 0.30612797619047616 0.358852380952381 0.004372023809523809 0.003719047619047619
2 0.4373125 0.36450952380952384 0.003535714285714286 0.0031238095238095235
2 0.4852589285714286 0.3862333333333334 0.0034404761904761904 0.0031238095238095235
2 0.5376220238095238 0.40959999999999996 0.0038125000000000004 0.0031238095238095235
2 0.6578779761904762 0.4639904761904762 0.00418452380952381 0.002976190476190476
2 0.7278660714285715 0.4956857142857143 0.004651785714285714 0.002976190476190476
2 0.8068273809523809 0.531547619047619 0.005208333333333333 0.003276190476190476
2 0.84375 0.6331857142857144 0.005952380952380952 0.005061904761904762
2 0.7732053571428571 0.6779 0.005672619047619047 0.005209523809523809
2 0.6928005952380952 0.7285714285714285 0.005767857142857142 0.005657142857142857
1 0.5801101190476191 0.7668666666666667 0.023809523809523808 0.040080952380952384
0 0.5844494047619048 0.5827380952380953 0.018104166666666668 0.03055714285714286
3 0.5793660714285714 0.6585333333333334 0.020833333333333332 0.03610952380952381
3 0.5584077380952381 0.4462285714285715 0.01512797619047619 0.026585714285714285
3 0.41133333333333333 0.550395238095238 0.017610119047619048 0.029366666666666666
3 0.23065476190476192 0.4646809523809524 0.01636904761904762 0.026985714285714286
3 0.2104404761904762 0.4599190476190476 0.01612202380952381 0.02619047619047619
3 0.1722470238095238 0.44860952380952385 0.015625 0.025
4 0.31125892857142856 0.3908714285714286 0.013889880952380952 0.023014285714285713
4 0.365452380952381 0.38412857142857143 0.013639880952380952 0.023014285714285713
4 0.4849940476190476 0.4601190476190476 0.01512797619047619 0.025795238095238097
4 0.5855654761904762 0.45872857142857143 0.015872023809523808 0.025395238095238096
4 0.6194196428571429 0.5462285714285714 0.018601190476190476 0.02976190476190476
4 0.8165922619047619 0.5785714285714286 0.019592261904761904 0.032538095238095234