4 0.5673809523809524 0.7066095238095239 0.02649702380952381 0.04313809523809524
4 0.6239791666666668 0.6577047619047619 0.02533630952380952 0.044257142857142856
4 0.5347232142857143 0.4592952380952381 0.02161607142857143 0.03941904761904762
4 0.3478422619047619 0.48272380952380955 0.02208035714285714 0.03793333333333333
4 0.3372678571428572 0.31388571428571427 0.01905952380952381 0.03421428571428571
4 0.6507083333333333 0.2806 0.0206875 0.035328571428571424
4 0.6052678571428571 0.2525190476190476 0.018595238095238095 0.03421428571428571
0 0.6259523809523809 0.25493809523809524 0.01905952380952381 0.033100000000000004
1 0.5647053571428572 0.23671428571428574 0.01975595238095238 0.033100000000000004
2 0.36583333333333334 0.7577571428571428 0.006794642857142857 0.006252380952380953
2 0.5126279761904762 0.7588809523809524 0.0072589285714285716 0.0079
2 0.659625 0.7594619047619047 0.007113095238095238 0.006738095238095238
2 0.8268720238095238 0.6484285714285715 0.0076934523809523815 0.006738095238095238
2 0.813077380952381 0.5705 0.00537202380952381 0.006504761904761905
2 0.7997232142857144 0.4989523809523809 0.006532738095238095 0.006966666666666667
2 0.7768363095238096 0.3740809523809524 0.006711309523809524 0.00599047619047619
2 0.7667708333333333 0.31894285714285714 0.0064523809523809525 0.005576190476190477
2 0.7568958333333333 0.26804285714285714 0.005550595238095237 0.005371428571428571
2 0.615889880952381 0.20747142857142856 0.005440476190476191 0.006385714285714285
2 0.514889880952381 0.20646666666666666 0.0053125 0.00550952380952381
2 0.4134464285714286 0.20568095238095238 0.005705357142857143 0.004566666666666667
2 0.27244940476190477 0.26495238095238094 0.005508928571428572 0.005352380952380952
2 0.2627589285714286 0.31548571428571426 0.006592261904761905 0.006614285714285715
2 0.2518869047619048 0.37082380952380956 0.005116071428571429 0.005823809523809524
2 0.22807440476190477 0.49511428571428573 0.00669047619047619 0.006614285714285715
2 0.21420238095238095 0.5659571428571428 0.0068869047619047625 0.006928571428571429
2 0.19934523809523808 0.6448285714285715 0.0068869047619047625 0.007557142857142857