2 0.2469732142857143 0.19555714285714287 0.004068452380952381 0.006666666666666667
2 0.3320922619047619 0.19484285714285715 0.004264880952380952 0.006823809523809524
2 0.41736011904761905 0.19444285714285714 0.0037708333333333335 0.006033333333333333
2 0.5873511904761904 0.1943666666666667 0.004464285714285714 0.006823809523809524
2 0.6729166666666667 0.195 0.003967261904761905 0.006190476190476191
2 0.7579375 0.1953952380952381 0.004166666666666667 0.006666666666666667
2 0.8662202380952381 0.37023809523809526 0.004068452380952381 0.007142857142857143
2 0.8657232142857143 0.5064285714285715 0.004264880952380952 0.006823809523809524
2 0.8652291666666667 0.6422238095238095 0.003669642857142857 0.006666666666666667
2 0.7560029761904762 0.815 0.003869047619047619 0.006190476190476191
2 0.6714285714285714 0.8155571428571429 0.003967261904761905 0.006347619047619047
2 0.5866071428571429 0.8158714285714286 0.003967261904761905 0.006666666666666667
2 0.41795535714285714 0.8157142857142857 0.003967261904761905 0.006666666666666667
2 0.3331845238095238 0.8151571428571428 0.003869047619047619 0.006190476190476191
2 0.24851190476190477 0.8148428571428572 0.003967261904761905 0.006190476190476191
2 0.13923511904761904 0.6420619047619047 0.004068452380952381 0.006666666666666667
2 0.13849107142857142 0.5065095238095239 0.003967261904761905 0.006347619047619047
2 0.13814583333333333 0.37015714285714285 0.003869047619047619 0.006347619047619047
4 0.25729166666666664 0.3334904761904762 0.016169642857142858 0.026033333333333335
4 0.2086815476190476 0.3886523809523809 0.01636904761904762 0.02650952380952381
4 0.31582440476190476 0.7248428571428571 0.015574404761904762 0.02491904761904762
4 0.5247261904761904 0.48241904761904764 0.014651785714285713 0.02344285714285714
4 0.5586071428571429 0.6880952380952381 0.01511011904761905 0.024542857142857144
4 0.8047172619047619 0.45476190476190476 0.016026785714285716 0.02600952380952381
4 0.7562946428571429 0.39725238095238097 0.016711309523809524 0.025276190476190476
0 0.21279761904761904 0.36316666666666664 0.014181547619047618 0.02437142857142857
1 0.18023511904761905 0.4401952380952381 0.01663095238095238 0.02492857142857143