3 0.65234375 0.6087962962962963 0.015625 0.026851851851851852
0 0.68515625 0.5060185185185185 0.015104166666666667 0.026851851851851852
3 0.7153645833333333 0.2740740740740741 0.015625 0.026851851851851852
3 0.6260416666666667 0.21898148148148147 0.014583333333333334 0.026851851851851852
4 0.6018229166666667 0.4462962962962963 0.015625 0.027777777777777776
4 0.5200520833333333 0.31574074074074077 0.015104166666666667 0.027777777777777776
1 0.43307291666666664 0.29259259259259257 0.016145833333333335 0.028703703703703703
3 0.39557291666666666 0.2657407407407407 0.015625 0.028703703703703703
3 0.43515625 0.6212962962962963 0.015104166666666667 0.027777777777777776
3 0.40260416666666665 0.6810185185185185 0.015625 0.027777777777777776
3 0.3734375 0.6763888888888889 0.015104166666666667 0.025925925925925925
4 0.23359375 0.7347222222222223 0.015625 0.028703703703703703
2 0.13880208333333333 0.6569444444444444 0.007291666666666667 0.012962962962962963
2 0.13802083333333334 0.5069444444444444 0.007291666666666667 0.012962962962962963
2 0.13776041666666666 0.35462962962962963 0.007291666666666667 0.012962962962962963
2 0.24635416666666668 0.16064814814814815 0.007291666666666667 0.012962962962962963
2 0.33203125 0.16018518518518518 0.007291666666666667 0.012962962962962963
2 0.4171875 0.1597222222222222 0.007291666666666667 0.012962962962962963
2 0.5869791666666667 0.16018518518518518 0.007291666666666667 0.012962962962962963
2 0.67265625 0.16018518518518518 0.007291666666666667 0.012962962962962963
2 0.7578125 0.16064814814814815 0.007291666666666667 0.012962962962962963
2 0.865625 0.35555555555555557 0.007291666666666667 0.012962962962962963
2 0.865625 0.5064814814814815 0.007291666666666667 0.012962962962962963
2 0.8651041666666667 0.6578703703703703 0.007291666666666667 0.012962962962962963
2 0.75546875 0.8486111111111111 0.007291666666666667 0.012962962962962963
2 0.67109375 0.85 0.007291666666666667 0.012962962962962963
2 0.5859375 0.8495370370370371 0.007291666666666667 0.012962962962962963
2 0.41744791666666664 0.8495370370370371 0.007291666666666667 0.012962962962962963
2 0.3328125 0.8495370370370371 0.007291666666666667 0.012962962962962963
2 0.24791666666666667 0.8495370370370371 0.007291666666666667 0.012962962962962963