4 0.5934895833333333 0.48194444444444445 0.0078125 0.009259259259259259
3 0.60390625 0.4847222222222222 0.0078125 0.013888888888888888
3 0.5927083333333333 0.49166666666666664 0.0078125 0.014814814814814815
0 0.59609375 0.49537037037037035 0.0078125 0.012037037037037037
4 0.6265625 0.5018518518518519 0.008854166666666666 0.016666666666666666
3 0.6486979166666667 0.5046296296296297 0.008854166666666666 0.01574074074074074
4 0.6458333333333334 0.5180555555555556 0.008854166666666666 0.011111111111111112
4 0.596875 0.5078703703703704 0.008854166666666666 0.016666666666666666
3 0.5408854166666667 0.49907407407407406 0.0078125 0.014814814814814815
1 0.4669270833333333 0.55 0.010416666666666666 0.019444444444444445
3 0.515625 0.5810185185185185 0.010416666666666666 0.016666666666666666
2 0.54765625 0.5731481481481482 0.007291666666666667 0.009259259259259259
2 0.5765625 0.5592592592592592 0.007291666666666667 0.009259259259259259
2 0.6020833333333333 0.5467592592592593 0.007291666666666667 0.009259259259259259
2 0.6486979166666667 0.525 0.007291666666666667 0.009259259259259259
2 0.6692708333333334 0.5143518518518518 0.007291666666666667 0.009259259259259259
2 0.68828125 0.5041666666666667 0.007291666666666667 0.009259259259259259
2 0.6713541666666667 0.487962962962963 0.007291666666666667 0.009259259259259259
2 0.6411458333333333 0.48194444444444445 0.007291666666666667 0.009259259259259259
2 0.6127604166666667 0.47685185185185186 0.007291666666666667 0.009259259259259259
2 0.5544270833333333 0.4791666666666667 0.007291666666666667 0.009259259259259259
2 0.5338541666666666 0.48657407407407405 0.007291666666666667 0.009259259259259259
2 0.5111979166666667 0.49537037037037035 0.007291666666666667 0.009259259259259259
2 0.46067708333333335 0.5120370370370371 0.007291666666666667 0.009259259259259259
2 0.43307291666666664 0.5217592592592593 0.007291666666666667 0.009259259259259259
2 0.4036458333333333 0.5319444444444444 0.007291666666666667 0.009259259259259259
2 0.39947916666666666 0.5569444444444445 0.007291666666666667 0.009259259259259259
2 0.42994791666666665 0.5652777777777778 0.007291666666666667 0.009259259259259259
2 0.4640625 0.5768518518518518 0.007291666666666667 0.009259259259259259