1 0.7942708333333334 0.387037037037037 0.016145833333333335 0.028703703703703703
4 0.7989583333333333 0.5305555555555556 0.016145833333333335 0.028703703703703703
0 0.5846354166666666 0.30833333333333335 0.015625 0.028703703703703703
4 0.60390625 0.7324074074074074 0.016145833333333335 0.028703703703703703
4 0.54609375 0.5023148148148148 0.016145833333333335 0.027777777777777776
3 0.24973958333333332 0.5541666666666667 0.016145833333333335 0.027777777777777776
2 0.13854166666666667 0.6574074074074074 0.007291666666666667 0.012962962962962963
2 0.13828125 0.5060185185185185 0.007291666666666667 0.012962962962962963
2 0.13802083333333334 0.35509259259259257 0.007291666666666667 0.012962962962962963
2 0.246875 0.16064814814814815 0.007291666666666667 0.012962962962962963
2 0.33203125 0.16018518518518518 0.007291666666666667 0.012962962962962963
2 0.4171875 0.16018518518518518 0.007291666666666667 0.012962962962962963
2 0.5872395833333334 0.16018518518518518 0.007291666666666667 0.012962962962962963
2 0.67265625 0.16064814814814815 0.007291666666666667 0.012962962962962963
2 0.7580729166666667 0.16064814814814815 0.007291666666666667 0.012962962962962963
2 0.8661458333333333 0.3560185185185185 0.007291666666666667 0.012962962962962963
2 0.865625 0.5064814814814815 0.007291666666666667 0.012962962962962963
2 0.8651041666666667 0.6574074074074074 0.007291666666666667 0.012962962962962963
2 0.7559895833333333 0.8495370370370371 0.007291666666666667 0.012962962962962963
2 0.67109375 0.85 0.007291666666666667 0.012962962962962963
2 0.5861979166666667 0.85 0.007291666666666667 0.012962962962962963
2 0.41770833333333335 0.8495370370370371 0.007291666666666667 0.012962962962962963
2 0.3328125 0.8495370370370371 0.007291666666666667 0.012962962962962963
2 0.24791666666666667 0.8490740740740741 0.007291666666666667 0.012962962962962963