0 0.5846354166666666 0.30694444444444446 0.015104166666666667 0.026851851851851852
1 0.70859375 0.7268518518518519 0.015625 0.027777777777777776
4 0.60390625 0.7314814814814815 0.015625 0.028703703703703703
4 0.5463541666666667 0.5018518518518519 0.0171875 0.030555555555555555
3 0.24947916666666667 0.5527777777777778 0.015625 0.026851851851851852
2 0.13854166666666667 0.6578703703703703 0.007291666666666667 0.012962962962962963
2 0.13828125 0.5060185185185185 0.007291666666666667 0.012962962962962963
2 0.13776041666666666 0.35555555555555557 0.007291666666666667 0.012962962962962963
2 0.24661458333333333 0.16064814814814815 0.007291666666666667 0.012962962962962963
2 0.33203125 0.16018518518518518 0.007291666666666667 0.012962962962962963
2 0.4171875 0.16018518518518518 0.007291666666666667 0.012962962962962963
2 0.5875 0.15925925925925927 0.007291666666666667 0.012962962962962963
2 0.67265625 0.16064814814814815 0.007291666666666667 0.012962962962962963
2 0.7575520833333333 0.16111111111111112 0.007291666666666667 0.012962962962962963
2 0.8661458333333333 0.35555555555555557 0.007291666666666667 0.012962962962962963
2 0.865625 0.5074074074074074 0.007291666666666667 0.012962962962962963
2 0.8653645833333333 0.6574074074074074 0.007291666666666667 0.012962962962962963
2 0.75625 0.8495370370370371 0.007291666666666667 0.012962962962962963
2 0.67109375 0.8495370370370371 0.007291666666666667 0.012962962962962963
2 0.5861979166666667 0.85 0.007291666666666667 0.012962962962962963
2 0.41770833333333335 0.850462962962963 0.007291666666666667 0.012962962962962963
2 0.3328125 0.8495370370370371 0.007291666666666667 0.012962962962962963
2 0.24817708333333333 0.8490740740740741 0.007291666666666667 0.012962962962962963