4 0.5669270833333333 0.34629629629629627 0.015104166666666667 0.026851851851851852
3 0.5341145833333333 0.3962962962962963 0.014583333333333334 0.027777777777777776
4 0.6953125 0.524537037037037 0.015104166666666667 0.025925925925925925
3 0.7140625 0.5328703703703703 0.015625 0.026851851851851852
3 0.6791666666666667 0.5699074074074074 0.016145833333333335 0.026851851851851852
3 0.7015625 0.6666666666666666 0.015104166666666667 0.026851851851851852
4 0.61328125 0.7532407407407408 0.015625 0.026851851851851852
4 0.56796875 0.6944444444444444 0.015104166666666667 0.026851851851851852
4 0.5192708333333333 0.7310185185185185 0.015104166666666667 0.026851851851851852
3 0.43203125 0.775 0.015625 0.028703703703703703
0 0.35859375 0.6856481481481481 0.015625 0.026851851851851852
3 0.25104166666666666 0.3263888888888889 0.015104166666666667 0.025925925925925925
3 0.23776041666666667 0.5050925925925925 0.015625 0.026851851851851852
4 0.2328125 0.712037037037037 0.016145833333333335 0.027777777777777776
1 0.1765625 0.5101851851851852 0.016145833333333335 0.027777777777777776
2 0.1390625 0.6578703703703703 0.007291666666666667 0.012962962962962963
2 0.13828125 0.5060185185185185 0.007291666666666667 0.012962962962962963
2 0.13776041666666666 0.35462962962962963 0.007291666666666667 0.012962962962962963
2 0.246875 0.16064814814814815 0.007291666666666667 0.012962962962962963
2 0.33177083333333335 0.16064814814814815 0.007291666666666667 0.012962962962962963
2 0.4171875 0.16018518518518518 0.007291666666666667 0.012962962962962963
2 0.5875 0.1597222222222222 0.007291666666666667 0.012962962962962963
2 0.67265625 0.16064814814814815 0.007291666666666667 0.012962962962962963
2 0.7578125 0.16064814814814815 0.007291666666666667 0.012962962962962963
2 0.86640625 0.35509259259259257 0.007291666666666667 0.012962962962962963
2 0.8658854166666666 0.5069444444444444 0.007291666666666667 0.012962962962962963
2 0.8653645833333333 0.6583333333333333 0.007291666666666667 0.012962962962962963
2 0.7557291666666667 0.85 0.007291666666666667 0.012962962962962963
2 0.6708333333333333 0.8495370370370371 0.007291666666666667 0.012962962962962963
2 0.5859375 0.85 0.007291666666666667 0.012962962962962963
2 0.41744791666666664 0.8495370370370371 0.007291666666666667 0.012962962962962963
2 0.33307291666666666 0.8490740740740741 0.007291666666666667 0.012962962962962963
2 0.24817708333333333 0.8490740740740741 0.007291666666666667 0.012962962962962963