2 0.15875 0.4590666666666666 0.003845238095238095 0.002976190476190476
2 0.22714880952380953 0.4416952380952381 0.003041666666666667 0.003204761904761905
2 0.2904583333333334 0.4260809523809524 0.003041666666666667 0.003085714285714286
2 0.4134047619047619 0.43297142857142856 0.003711309523809524 0.004276190476190476
2 0.455672619047619 0.45434285714285716 0.0034880952380952385 0.0035619047619047622
2 0.5023571428571428 0.4779761904761905 0.003785714285714286 0.0035619047619047622
2 0.6100863095238095 0.5337285714285714 0.003711309523809524 0.002966666666666667
2 0.6743630952380952 0.5666857142857142 0.004601190476190477 0.004276190476190476
2 0.7462083333333334 0.6029619047619048 0.004303571428571429 0.0041571428571428575
2 0.7701071428571429 0.7076428571428571 0.0059375 0.006176190476190477
2 0.6958869047619047 0.752295238095238 0.006678571428571429 0.0057
2 0.6113125 0.8031761904761905 0.007050595238095239 0.007004761904761905
2 0.38379166666666664 0.7845333333333333 0.005639880952380952 0.005342857142857143
2 0.3186994047619047 0.7234380952380952 0.005639880952380952 0.0057
2 0.26270238095238096 0.671304761904762 0.005714285714285714 0.0054619047619047624
2 0.1723392857142857 0.5853285714285714 0.004303571428571429 0.0038
2 0.13489583333333333 0.5504761904761905 0.004229166666666667 0.0041571428571428575
2 0.10116071428571428 0.5188857142857143 0.004898809523809524 0.005104761904761905
3 0.18807440476190473 0.5402619047619047 0.015735119047619046 0.025295238095238093
3 0.2228452380952381 0.5307000000000001 0.015660714285714285 0.025414285714285712
3 0.3512172619047619 0.44856666666666667 0.012273809523809524 0.01963809523809524
3 0.392125 0.4438142857142857 0.012273809523809524 0.020690476190476193
3 0.3969434523809524 0.5078952380952381 0.013196428571428572 0.023014285714285713
3 0.6407410714285714 0.6654047619047618 0.01781547619047619 0.03146190476190476
4 0.5897380952380953 0.649252380952381 0.018211309523809522 0.029980952380952382
4 0.2579672619047619 0.6196809523809523 0.016541666666666666 0.02773809523809524
4 0.6035208333333333 0.5736095238095238 0.016142857142857143 0.027419047619047617
0 0.5362619047619047 0.6464619047619047 0.018333333333333333 0.029652380952380954
1 0.4989970238095238 0.5158952380952382 0.013949404761904762 0.024233333333333332
3 0.3557142857142857 0.6874380952380952 0.019529761904761907 0.032523809523809524