1 0.8690104166666667 0.1597222222222222 0.024479166666666666 0.041666666666666664
3 0.815625 0.18518518518518517 0.022916666666666665 0.040740740740740744
3 0.8182291666666667 0.30324074074074076 0.022395833333333334 0.040740740740740744
4 0.778125 0.5342592592592592 0.023958333333333335 0.041666666666666664
4 0.76875 0.7699074074074074 0.024479166666666666 0.041666666666666664
3 0.73359375 0.7416666666666667 0.021875 0.040740740740740744
3 0.6567708333333333 0.662962962962963 0.0234375 0.04259259259259259
0 0.59921875 0.5722222222222222 0.022395833333333334 0.040740740740740744
4 0.5901041666666667 0.7106481481481481 0.022395833333333334 0.041666666666666664
4 0.23854166666666668 0.7699074074074074 0.023958333333333335 0.041666666666666664
3 0.25416666666666665 0.25601851851851853 0.023958333333333335 0.040740740740740744
2 0.19244791666666666 0.09027777777777778 0.007291666666666667 0.012962962962962963
2 0.2950520833333333 0.09074074074074075 0.007291666666666667 0.012962962962962963
2 0.3984375 0.09259259259259259 0.007291666666666667 0.012962962962962963
2 0.603125 0.0912037037037037 0.007291666666666667 0.012962962962962963
2 0.70546875 0.08981481481481482 0.007291666666666667 0.012962962962962963
2 0.8098958333333334 0.08842592592592592 0.007291666666666667 0.012962962962962963
2 0.9372395833333333 0.3125 0.007291666666666667 0.012962962962962963
2 0.9375 0.4962962962962963 0.007291666666666667 0.012962962962962963
2 0.9377604166666667 0.6800925925925926 0.007291666666666667 0.012962962962962963
2 0.8109375 0.9083333333333333 0.007291666666666667 0.012962962962962963
2 0.7072916666666667 0.9092592592592592 0.007291666666666667 0.012962962962962963
2 0.60390625 0.9097222222222222 0.007291666666666667 0.012962962962962963
2 0.39921875 0.9092592592592592 0.007291666666666667 0.012962962962962963
2 0.29583333333333334 0.9097222222222222 0.007291666666666667 0.012962962962962963
2 0.19244791666666666 0.9087962962962963 0.007291666666666667 0.012962962962962963
2 0.06458333333333334 0.6824074074074075 0.007291666666666667 0.012962962962962963
2 0.06458333333333334 0.49953703703703706 0.007291666666666667 0.012962962962962963
2 0.065625 0.31527777777777777 0.007291666666666667 0.012962962962962963