1 0.42864583333333334 0.5731481481481482 0.019791666666666666 0.03425925925925926
3 0.29661458333333335 0.6069444444444444 0.01875 0.03796296296296296
3 0.3104166666666667 0.6111111111111112 0.0203125 0.03796296296296296
3 0.16640625 0.6083333333333333 0.021354166666666667 0.03796296296296296
0 0.2911458333333333 0.649537037037037 0.021875 0.040740740740740744
2 0.42734375 0.7875 0.011458333333333333 0.012962962962962963
2 0.36666666666666664 0.7541666666666667 0.011458333333333333 0.012962962962962963
2 0.30963541666666666 0.7231481481481481 0.011458333333333333 0.012962962962962963
2 0.20859375 0.6703703703703704 0.011458333333333333 0.012962962962962963
2 0.16223958333333333 0.6462962962962963 0.011458333333333333 0.012962962962962963
2 0.11901041666666666 0.6231481481481481 0.011458333333333333 0.012962962962962963
2 0.178125 0.5819444444444445 0.011458333333333333 0.012962962962962963
2 0.26015625 0.5717592592592593 0.011458333333333333 0.012962962962962963
2 0.33828125 0.5611111111111111 0.011458333333333333 0.012962962962962963
2 0.48463541666666665 0.5708333333333333 0.011458333333333333 0.012962962962962963
2 0.5333333333333333 0.5893518518518519 0.011458333333333333 0.012962962962962963
2 0.5859375 0.6083333333333333 0.011458333333333333 0.012962962962962963
2 0.7015625 0.6513888888888889 0.011458333333333333 0.012962962962962963
2 0.7669270833333334 0.6759259259259259 0.011458333333333333 0.012962962962962963
2 0.8385416666666666 0.7027777777777777 0.011458333333333333 0.012962962962962963
2 0.8302083333333333 0.7592592592592593 0.011458333333333333 0.012962962962962963
2 0.7393229166666667 0.7796296296296297 0.011458333333333333 0.012962962962962963
2 0.64140625 0.8013888888888889 0.011458333333333333 0.012962962962962963