3 0.8830729166666667 0.5634259259259259 0.025 0.04259259259259259
3 0.8578125 0.5824074074074074 0.026041666666666668 0.04259259259259259
3 0.5380208333333333 0.8319444444444445 0.023958333333333335 0.04259259259259259
3 0.53203125 0.21481481481481482 0.023958333333333335 0.041666666666666664
4 0.40338541666666666 0.3013888888888889 0.024479166666666666 0.041666666666666664
3 0.34739583333333335 0.2791666666666667 0.024479166666666666 0.04259259259259259
4 0.2825520833333333 0.4787037037037037 0.023958333333333335 0.041666666666666664
0 0.2609375 0.5125 0.024479166666666666 0.041666666666666664
3 0.28932291666666665 0.3055555555555556 0.025 0.04259259259259259
3 0.228125 0.33287037037037037 0.023958333333333335 0.041666666666666664
1 0.13046875 0.42777777777777776 0.025 0.04259259259259259
2 0.19401041666666666 0.08888888888888889 0.007291666666666667 0.012962962962962963
2 0.2984375 0.08888888888888889 0.007291666666666667 0.012962962962962963
2 0.40182291666666664 0.08888888888888889 0.007291666666666667 0.012962962962962963
2 0.6096354166666667 0.08703703703703704 0.007291666666666667 0.012962962962962963
2 0.71328125 0.08564814814814815 0.007291666666666667 0.012962962962962963
2 0.8182291666666667 0.08472222222222223 0.007291666666666667 0.012962962962962963
2 0.9489583333333333 0.31203703703703706 0.007291666666666667 0.012962962962962963
2 0.9497395833333333 0.4981481481481482 0.007291666666666667 0.012962962962962963
2 0.9505208333333334 0.6851851851851852 0.007291666666666667 0.012962962962962963
2 0.8213541666666667 0.9148148148148149 0.007291666666666667 0.012962962962962963
2 0.7158854166666667 0.9143518518518519 0.007291666666666667 0.012962962962962963
2 0.6119791666666666 0.9148148148148149 0.007291666666666667 0.012962962962962963
2 0.403125 0.9162037037037037 0.007291666666666667 0.012962962962962963
2 0.29921875 0.9171296296296296 0.007291666666666667 0.012962962962962963
2 0.19375 0.9175925925925926 0.007291666666666667 0.012962962962962963
2 0.06510416666666667 0.6875 0.007291666666666667 0.012962962962962963
2 0.06588541666666667 0.5018518518518519 0.007291666666666667 0.012962962962962963
2 0.06640625 0.31527777777777777 0.007291666666666667 0.012962962962962963