1 0.6216145833333333 0.42407407407407405 0.014583333333333334 0.025
3 0.5010416666666667 0.42916666666666664 0.0140625 0.01574074074074074
3 0.5015625 0.44166666666666665 0.013020833333333334 0.023148148148148147
3 0.428125 0.4203703703703704 0.0125 0.023148148148148147
0 0.44427083333333334 0.4666666666666667 0.0140625 0.025925925925925925
2 0.3411458333333333 0.5810185185185185 0.007291666666666667 0.009259259259259259
2 0.34817708333333336 0.5509259259259259 0.007291666666666667 0.009259259259259259
2 0.3541666666666667 0.5222222222222223 0.007291666666666667 0.009259259259259259
2 0.36484375 0.47175925925925927 0.007291666666666667 0.009259259259259259
2 0.3703125 0.44907407407407407 0.007291666666666667 0.009259259259259259
2 0.37473958333333335 0.42824074074074076 0.007291666666666667 0.009259259259259259
2 0.4515625 0.40324074074074073 0.007291666666666667 0.009259259259259259
2 0.5104166666666666 0.4041666666666667 0.007291666666666667 0.009259259259259259
2 0.5690104166666666 0.40555555555555556 0.007291666666666667 0.009259259259259259
2 0.6466145833333333 0.4310185185185185 0.007291666666666667 0.009259259259259259
2 0.6502604166666667 0.4537037037037037 0.007291666666666667 0.009259259259259259
2 0.6549479166666666 0.47685185185185186 0.007291666666666667 0.009259259259259259
2 0.6653645833333334 0.5273148148148148 0.007291666666666667 0.009259259259259259
2 0.6705729166666666 0.5560185185185185 0.007291666666666667 0.009259259259259259
2 0.67578125 0.5847222222222223 0.007291666666666667 0.009259259259259259
2 0.5869791666666667 0.624537037037037 0.007291666666666667 0.009259259259259259
2 0.5080729166666667 0.6240740740740741 0.007291666666666667 0.009259259259259259
2 0.42916666666666664 0.6222222222222222 0.007291666666666667 0.009259259259259259