2 0.40513392857142855 0.21182380952380953 0.005690476190476191 0.004357142857142857
2 0.5062946428571429 0.21206666666666665 0.005145833333333333 0.004066666666666666
2 0.6077886904761906 0.21284285714285717 0.005145833333333333 0.0044523809523809525
2 0.7484434523809523 0.27346190476190474 0.005264880952380953 0.005033333333333333
2 0.7579434523809524 0.32434761904761905 0.005386904761904762 0.005323809523809524
2 0.7682946428571428 0.3800285714285714 0.005508928571428572 0.005323809523809524
2 0.7911101190476191 0.5044619047619047 0.005991071428571428 0.005133333333333333
2 0.8038809523809524 0.5758285714285715 0.0062351190476190475 0.005519047619047619
2 0.8181041666666666 0.6540714285714285 0.006113095238095238 0.005133333333333333
2 0.6507291666666666 0.7652857142857142 0.0061726190476190474 0.0058095238095238096
2 0.5034494047619047 0.7644142857142857 0.005991071428571428 0.0058095238095238096
2 0.3565327380952381 0.763447619047619 0.006416666666666666 0.005614285714285714
2 0.19055357142857143 0.6503904761904762 0.005991071428571428 0.005133333333333333
2 0.2055625 0.5719571428571428 0.005264880952380953 0.004938095238095238
2 0.21936011904761904 0.5009285714285715 0.005145833333333333 0.004842857142857143
2 0.24347916666666666 0.37702857142857144 0.005205357142857143 0.004357142857142857
2 0.2542827380952381 0.32211904761904764 0.0049017857142857136 0.004552380952380953
2 0.2642083333333333 0.270652380952381 0.0049017857142857136 0.004842857142857143
3 0.34875595238095236 0.32507619047619046 0.01894345238095238 0.03176190476190476
3 0.45651488095238096 0.26535714285714285 0.018098214285714287 0.030938095238095237
3 0.518985119047619 0.29679047619047616 0.018839285714285715 0.031928571428571424
3 0.6730565476190475 0.26525714285714286 0.017848214285714287 0.031928571428571424
1 0.47833035714285715 0.25216666666666665 0.018098214285714287 0.03153333333333333
0 0.4760982142857143 0.32842380952380956 0.019089285714285715 0.032523809523809524
4 0.44269345238095237 0.4042809523809524 0.02119642857142857 0.0351047619047619
3 0.4270744047619048 0.46427142857142856 0.02144345238095238 0.034904761904761904
3 0.4879970238095238 0.5249619047619049 0.02181547619047619 0.03728571428571428
4 0.4151755952380952 0.5215904761904762 0.0221875 0.03768095238095238
3 0.3688184523809524 0.608552380952381 0.02293154761904762 0.03907142857142857
4 0.4131309523809523 0.6574380952380952 0.023797619047619047 0.04125238095238095
4 0.7337053571428571 0.6518857142857143 0.024133928571428574 0.04038571428571429
4 0.6927113095238095 0.5653714285714285 0.022845238095238096 0.038909523809523804