4 0.90703125 0.39537037037037037 0.013541666666666667 0.022222222222222223
1 0.7372395833333333 0.3060185185185185 0.011979166666666667 0.021296296296296296
4 0.75390625 0.3958333333333333 0.013020833333333334 0.022222222222222223
4 0.6166666666666667 0.3712962962962963 0.0125 0.022222222222222223
4 0.6424479166666667 0.3763888888888889 0.013020833333333334 0.023148148148148147
3 0.5703125 0.38981481481481484 0.0125 0.022222222222222223
4 0.5981770833333333 0.4666666666666667 0.013541666666666667 0.025
0 0.5174479166666667 0.47638888888888886 0.013541666666666667 0.025
4 0.46067708333333335 0.5120370370370371 0.015104166666666667 0.026851851851851852
2 0.4171875 0.6111111111111112 0.011458333333333333 0.012962962962962963
2 0.36744791666666665 0.5657407407407408 0.011458333333333333 0.012962962962962963
2 0.3221354166666667 0.5236111111111111 0.011458333333333333 0.012962962962962963
2 0.3536458333333333 0.4388888888888889 0.011458333333333333 0.012962962962962963
2 0.41458333333333336 0.4134259259259259 0.011458333333333333 0.012962962962962963
2 0.47239583333333335 0.38935185185185184 0.011458333333333333 0.012962962962962963
2 0.5786458333333333 0.3449074074074074 0.011458333333333333 0.012962962962962963
2 0.6276041666666666 0.324537037037037 0.011458333333333333 0.012962962962962963
2 0.6739583333333333 0.3050925925925926 0.011458333333333333 0.012962962962962963
2 0.79140625 0.3125 0.011458333333333333 0.012962962962962963
2 0.8421875 0.3375 0.011458333333333333 0.012962962962962963
2 0.8963541666666667 0.3648148148148148 0.011458333333333333 0.012962962962962963
2 0.9151041666666667 0.4356481481481482 0.011458333333333333 0.012962962962962963
2 0.8677083333333333 0.4625 0.011458333333333333 0.012962962962962963
2 0.8174479166666667 0.49074074074074076 0.011458333333333333 0.012962962962962963
2 0.7072916666666667 0.5527777777777778 0.011458333333333333 0.012962962962962963
2 0.6463541666666667 0.5875 0.011458333333333333 0.012962962962962963
2 0.5807291666666666 0.624537037037037 0.011458333333333333 0.012962962962962963