4 0.12473958333333333 0.20972222222222223 0.025 0.04259259259259259
4 0.14609375 0.32083333333333336 0.025 0.04259259259259259
4 0.12630208333333334 0.8324074074074074 0.025 0.04351851851851852
4 0.23489583333333333 0.5550925925925926 0.023958333333333335 0.04259259259259259
3 0.2421875 0.5148148148148148 0.024479166666666666 0.041666666666666664
3 0.2552083333333333 0.5773148148148148 0.023958333333333335 0.04259259259259259
3 0.26458333333333334 0.5365740740740741 0.024479166666666666 0.04259259259259259
3 0.8473958333333333 0.23194444444444445 0.026041666666666668 0.04259259259259259
4 0.5697916666666667 0.43657407407407406 0.025 0.04351851851851852
3 0.5393229166666667 0.2740740740740741 0.023958333333333335 0.04259259259259259
3 0.39010416666666664 0.37175925925925923 0.023958333333333335 0.04351851851851852
0 0.35885416666666664 0.4671296296296296 0.0234375 0.041666666666666664
1 0.18333333333333332 0.5023148148148148 0.024479166666666666 0.041666666666666664
2 0.19322916666666667 0.9166666666666666 0.007291666666666667 0.012962962962962963
2 0.2984375 0.9162037037037037 0.007291666666666667 0.012962962962962963
2 0.40286458333333336 0.9162037037037037 0.007291666666666667 0.012962962962962963
2 0.61171875 0.9157407407407407 0.007291666666666667 0.012962962962962963
2 0.7158854166666667 0.9152777777777777 0.007291666666666667 0.012962962962962963
2 0.8213541666666667 0.9162037037037037 0.007291666666666667 0.012962962962962963
2 0.9510416666666667 0.687037037037037 0.007291666666666667 0.012962962962962963
2 0.9502604166666667 0.49953703703703706 0.007291666666666667 0.012962962962962963
2 0.9497395833333333 0.3138888888888889 0.007291666666666667 0.012962962962962963
2 0.8192708333333333 0.08564814814814815 0.007291666666666667 0.012962962962962963
2 0.7143229166666667 0.08611111111111111 0.007291666666666667 0.012962962962962963
2 0.6104166666666667 0.08703703703703704 0.007291666666666667 0.012962962962962963
2 0.40260416666666665 0.08842592592592592 0.007291666666666667 0.012962962962962963
2 0.29921875 0.08796296296296297 0.007291666666666667 0.012962962962962963
2 0.19479166666666667 0.08796296296296297 0.007291666666666667 0.012962962962962963
2 0.06666666666666667 0.3143518518518518 0.007291666666666667 0.012962962962962963
2 0.06588541666666667 0.500462962962963 0.007291666666666667 0.012962962962962963
2 0.06458333333333334 0.687037037037037 0.007291666666666667 0.012962962962962963