2 0.4178035714285714 0.8151952380952381 0.0035 0.006304761904761905
2 0.33302678571428573 0.8147761904761904 0.00394047619047619 0.006023809523809524
2 0.24838095238095237 0.8145666666666667 0.0035892857142857146 0.0064428571428571425
2 0.13896130952380953 0.6418047619047619 0.00394047619047619 0.006304761904761905
2 0.13839285714285715 0.5060238095238095 0.003851190476190476 0.006723809523809523
2 0.138 0.36988571428571426 0.004113095238095239 0.006723809523809523
2 0.24676190476190477 0.1951 0.003851190476190476 0.0064428571428571425
2 0.4173244047619048 0.1941857142857143 0.0037648809523809523 0.006580952380952381
2 0.5874464285714286 0.1943285714285714 0.004202380952380952 0.006861904761904762
2 0.6727053571428572 0.19474761904761906 0.0040267857142857145 0.006304761904761905
2 0.7577916666666666 0.19502857142857144 0.0035 0.006304761904761905
2 0.8661160714285715 0.37002857142857143 0.0035892857142857146 0.006723809523809523
2 0.8657202380952381 0.5060904761904762 0.003675595238095238 0.006861904761904762
2 0.8650208333333332 0.6416666666666667 0.003675595238095238 0.006861904761904762
2 0.7559970238095238 0.814847619047619 0.0034136904761904764 0.006161904761904762
2 0.6712619047619047 0.8151952380952381 0.0035892857142857146 0.006580952380952381
2 0.586485119047619 0.8154761904761905 0.003851190476190476 0.006580952380952381
4 0.2835982142857143 0.6746857142857142 0.01488095238095238 0.025061904761904764
4 0.1892232142857143 0.4375952380952381 0.015351190476190475 0.025061904761904764
4 0.29425 0.3719285714285714 0.01488095238095238 0.024061904761904764
4 0.601032738095238 0.6605285714285714 0.015351190476190475 0.02430952380952381
3 0.5992321428571429 0.6140333333333333 0.01488095238095238 0.024061904761904764
3 0.6712083333333334 0.45375714285714286 0.015351190476190475 0.02430952380952381
3 0.5134702380952381 0.3780714285714286 0.014410714285714285 0.02330952380952381
3 0.5139404761904761 0.4969904761904762 0.014410714285714285 0.02456190476190476
3 0.2489047619047619 0.5327047619047619 0.014098214285714285 0.023809523809523808
3 0.3028660714285714 0.32920000000000005 0.014568452380952382 0.02430952380952381
3 0.3310625 0.33934761904761906 0.015508928571428571 0.025061904761904764
0 0.49248214285714287 0.32644285714285715 0.015038690476190476 0.02430952380952381
1 0.6130952380952381 0.5984952380952381 0.015351190476190475 0.02606666666666667