4 0.75703125 0.2625 0.015625 0.025925925925925925
1 0.5658854166666667 0.3638888888888889 0.018229166666666668 0.02962962962962963
3 0.6557291666666667 0.37777777777777777 0.0171875 0.026851851851851852
4 0.5690104166666666 0.29907407407407405 0.0171875 0.026851851851851852
4 0.5013020833333334 0.3421296296296296 0.0171875 0.027777777777777776
4 0.7041666666666667 0.5078703703703704 0.021354166666666667 0.03425925925925926
0 0.4901041666666667 0.5263888888888889 0.019791666666666666 0.032407407407407406
3 0.5401041666666667 0.6023148148148149 0.021875 0.03611111111111111
4 0.5059895833333333 0.6199074074074075 0.022916666666666665 0.037037037037037035
4 0.42682291666666666 0.5476851851851852 0.022395833333333334 0.03611111111111111
2 0.2565104166666667 0.6370370370370371 0.0078125 0.012962962962962963
2 0.36640625 0.674537037037037 0.0078125 0.012962962962962963
2 0.48385416666666664 0.7152777777777778 0.0078125 0.012962962962962963
2 0.696875 0.6574074074074074 0.008854166666666666 0.014814814814814815
2 0.73671875 0.5814814814814815 0.008854166666666666 0.014814814814814815
2 0.7703125 0.512962962962963 0.008854166666666666 0.014814814814814815
2 0.21901041666666668 0.5106481481481482 0.007291666666666667 0.012037037037037037
2 0.28177083333333336 0.45185185185185184 0.007291666666666667 0.012037037037037037
2 0.33697916666666666 0.4 0.007291666666666667 0.012037037037037037
2 0.43020833333333336 0.31203703703703706 0.00625 0.010185185185185186
2 0.4708333333333333 0.27361111111111114 0.00625 0.010185185185185186
2 0.5075520833333333 0.23935185185185184 0.00625 0.010185185185185186
2 0.8260416666666667 0.40185185185185185 0.0067708333333333336 0.011111111111111112
2 0.8489583333333334 0.35462962962962963 0.0067708333333333336 0.011111111111111112
2 0.8703125 0.31296296296296294 0.0067708333333333336 0.011111111111111112
2 0.6359375 0.2175925925925926 0.0046875 0.007407407407407408
2 0.7119791666666667 0.2324074074074074 0.0046875 0.007407407407407408
2 0.7911458333333333 0.24768518518518517 0.005208333333333333 0.008333333333333333