4 0.7213541666666666 0.4759259259259259 0.020833333333333332 0.03333333333333333
4 0.6541666666666667 0.375 0.019270833333333334 0.030555555555555555
4 0.6236979166666666 0.3212962962962963 0.016145833333333335 0.024074074074074074
0 0.5885416666666666 0.4078703703703704 0.017708333333333333 0.028703703703703703
4 0.49375 0.37407407407407406 0.017708333333333333 0.02962962962962963
4 0.5283854166666667 0.45231481481481484 0.0203125 0.03333333333333333
3 0.54375 0.6041666666666666 0.022916666666666665 0.03888888888888889
4 0.4822916666666667 0.5291666666666667 0.021875 0.03518518518518519
1 0.47291666666666665 0.6314814814814815 0.0234375 0.037037037037037035
3 0.4466145833333333 0.5430555555555555 0.0203125 0.03333333333333333
4 0.39765625 0.5944444444444444 0.022395833333333334 0.03796296296296296
3 0.43776041666666665 0.38425925925925924 0.018229166666666668 0.02962962962962963
3 0.28020833333333334 0.6143518518518518 0.0234375 0.025925925925925925
2 0.25677083333333334 0.6365740740740741 0.007291666666666667 0.011111111111111112
2 0.36666666666666664 0.674537037037037 0.007291666666666667 0.011111111111111112
2 0.484375 0.7148148148148148 0.007291666666666667 0.011111111111111112
2 0.6973958333333333 0.6569444444444444 0.007291666666666667 0.012037037037037037
2 0.7364583333333333 0.5805555555555556 0.007291666666666667 0.012037037037037037
2 0.7703125 0.5138888888888888 0.007291666666666667 0.012037037037037037
2 0.82578125 0.4023148148148148 0.00625 0.010185185185185186
2 0.84921875 0.35555555555555557 0.00625 0.010185185185185186
2 0.8703125 0.3138888888888889 0.00625 0.010185185185185186
2 0.21953125 0.5106481481481482 0.00625 0.010185185185185186
2 0.28177083333333336 0.45231481481481484 0.00625 0.010185185185185186
2 0.3372395833333333 0.4 0.00625 0.010185185185185186
2 0.43020833333333336 0.31203703703703706 0.00625 0.010185185185185186
2 0.4708333333333333 0.274537037037037 0.00625 0.010185185185185186
2 0.5072916666666667 0.24027777777777778 0.00625 0.010185185185185186
2 0.6359375 0.21851851851851853 0.004166666666666667 0.006481481481481481
2 0.7122395833333334 0.2337962962962963 0.004166666666666667 0.006481481481481481
2 0.7911458333333333 0.24814814814814815 0.004166666666666667 0.006481481481481481