1 0.7122395833333334 0.2638888888888889 0.019270833333333334 0.032407407407407406
3 0.6739583333333333 0.3921296296296296 0.020833333333333332 0.03333333333333333
4 0.7356770833333334 0.49675925925925923 0.021875 0.03518518518518519
4 0.6510416666666666 0.44722222222222224 0.022395833333333334 0.03518518518518519
3 0.5497395833333333 0.4023148148148148 0.0203125 0.03333333333333333
3 0.5028645833333333 0.40925925925925927 0.0203125 0.032407407407407406
4 0.5057291666666667 0.3685185185185185 0.0203125 0.03518518518518519
4 0.32447916666666665 0.31851851851851853 0.019791666666666666 0.03333333333333333
3 0.7119791666666667 0.6699074074074074 0.025 0.03888888888888889
3 0.6510416666666666 0.6152777777777778 0.0234375 0.03888888888888889
0 0.55390625 0.6375 0.023958333333333335 0.03796296296296296
3 0.49895833333333334 0.7143518518518519 0.025520833333333333 0.040740740740740744
4 0.4625 0.7092592592592593 0.025 0.040740740740740744
4 0.328125 0.7157407407407408 0.025 0.03981481481481482
2 0.3619791666666667 0.7574074074074074 0.008854166666666666 0.014814814814814815
2 0.509375 0.7592592592592593 0.008854166666666666 0.014814814814814815
2 0.6567708333333333 0.7592592592592593 0.008854166666666666 0.014814814814814815
2 0.82421875 0.649074074074074 0.008854166666666666 0.013888888888888888
2 0.809375 0.5708333333333333 0.008854166666666666 0.013888888888888888
2 0.7963541666666667 0.4981481481481482 0.008854166666666666 0.013888888888888888
2 0.19557291666666668 0.6449074074074074 0.008854166666666666 0.014814814814814815
2 0.21197916666666666 0.5666666666666667 0.008854166666666666 0.014814814814814815
2 0.225 0.4935185185185185 0.008854166666666666 0.014814814814814815
2 0.2484375 0.3726851851851852 0.0078125 0.012962962962962963
2 0.25885416666666666 0.31527777777777777 0.0078125 0.012962962962962963
2 0.26901041666666664 0.26435185185185184 0.0078125 0.012962962962962963
2 0.7734375 0.3736111111111111 0.007291666666666667 0.012037037037037037
2 0.76328125 0.31851851851851853 0.007291666666666667 0.012037037037037037
2 0.7533854166666667 0.2675925925925926 0.007291666666666667 0.012037037037037037
2 0.40989583333333335 0.20555555555555555 0.005208333333333333 0.008333333333333333
2 0.5114583333333333 0.20601851851851852 0.005208333333333333 0.008333333333333333
2 0.6127604166666667 0.20694444444444443 0.005208333333333333 0.008333333333333333