3 0.88984375 0.41203703703703703 0.025520833333333333 0.041666666666666664
4 0.8765625 0.2916666666666667 0.025520833333333333 0.04351851851851852
3 0.85703125 0.32592592592592595 0.025 0.04259259259259259
4 0.7354166666666667 0.24027777777777778 0.024479166666666666 0.04351851851851852
4 0.46510416666666665 0.4699074074074074 0.023958333333333335 0.04259259259259259
1 0.3697916666666667 0.7898148148148149 0.024479166666666666 0.041666666666666664
0 0.35 0.5726851851851852 0.023958333333333335 0.03981481481481482
3 0.24427083333333333 0.30925925925925923 0.023958333333333335 0.040740740740740744
4 0.22239583333333332 0.2902777777777778 0.024479166666666666 0.041666666666666664
3 0.11979166666666667 0.8476851851851852 0.024479166666666666 0.04259259259259259
2 0.06458333333333334 0.6865740740740741 0.007291666666666667 0.012962962962962963
2 0.06510416666666667 0.5 0.007291666666666667 0.012962962962962963
2 0.06666666666666667 0.31296296296296294 0.007291666666666667 0.012962962962962963
2 0.19453125 0.08796296296296297 0.007291666666666667 0.012962962962962963
2 0.29921875 0.08842592592592592 0.007291666666666667 0.012962962962962963
2 0.40260416666666665 0.08842592592592592 0.007291666666666667 0.012962962962962963
2 0.61015625 0.08703703703703704 0.007291666666666667 0.012962962962962963
2 0.7140625 0.08564814814814815 0.007291666666666667 0.012962962962962963
2 0.8184895833333333 0.08518518518518518 0.007291666666666667 0.012962962962962963
2 0.94921875 0.31296296296296294 0.007291666666666667 0.012962962962962963
2 0.9497395833333333 0.49953703703703706 0.007291666666666667 0.012962962962962963
2 0.95078125 0.687037037037037 0.007291666666666667 0.012962962962962963
2 0.8213541666666667 0.9162037037037037 0.007291666666666667 0.012962962962962963
2 0.7151041666666667 0.9143518518518519 0.007291666666666667 0.012962962962962963
2 0.6106770833333334 0.9143518518518519 0.007291666666666667 0.012962962962962963
2 0.40286458333333336 0.9152777777777777 0.007291666666666667 0.012962962962962963
2 0.2984375 0.9162037037037037 0.007291666666666667 0.012962962962962963
2 0.19348958333333333 0.9171296296296296 0.007291666666666667 0.012962962962962963