3 0.7149404761904762 0.7186238095238094 0.021910714285714287 0.03450952380952381
3 0.6212738095238095 0.7133285714285714 0.02038095238095238 0.03423809523809524
4 0.5676904761904762 0.6084333333333334 0.01817261904761905 0.029890476190476193
4 0.5061220238095238 0.6549 0.019020833333333334 0.033152380952380954
4 0.5076517857142857 0.5498714285714286 0.017663690476190475 0.028533333333333334
0 0.5698958333333333 0.6365571428571428 0.018851190476190476 0.02961904761904762
1 0.43444940476190474 0.5592476190476191 0.017663690476190475 0.028804761904761906
3 0.37865773809523806 0.5422619047619047 0.017154761904761905 0.029076190476190478
3 0.30138095238095236 0.5000095238095238 0.015455357142857142 0.02554285714285714
3 0.38706547619047615 0.4324809523809524 0.014267857142857143 0.021466666666666665
3 0.21586607142857142 0.5259619047619047 0.016303571428571428 0.027447619047619047
3 0.1950595238095238 0.4879142857142857 0.01681547619047619 0.026357142857142857
2 0.1501875 0.5028476190476191 0.004794642857142857 0.004323809523809524
2 0.1838422619047619 0.5352142857142858 0.0051428571428571435 0.004880952380952381
2 0.2210297619047619 0.5712761904761905 0.005580357142857143 0.005857142857142858
2 0.3114017857142857 0.6589571428571428 0.005666666666666666 0.006276190476190476
2 0.3679017857142857 0.7136428571428571 0.006366071428571428 0.006838095238095238
2 0.4334702380952381 0.7768380952380952 0.0070625 0.008228571428571429
2 0.6649642857142858 0.8023666666666667 0.0068869047619047625 0.007395238095238095
2 0.7518482142857142 0.7523571428571428 0.006800595238095238 0.007533333333333334
2 0.8285327380952381 0.7086904761904762 0.005842261904761905 0.006976190476190476
2 0.8035535714285714 0.6008523809523809 0.005580357142857143 0.005580952380952381
2 0.7293988095238095 0.561652380952381 0.005494047619047619 0.0053
2 0.6634375 0.5269857142857143 0.004883928571428571 0.004047619047619047
2 0.5527916666666667 0.46888095238095234 0.004360119047619048 0.0039047619047619044
2 0.5054464285714285 0.44397619047619047 0.004532738095238096 0.004880952380952381
2 0.4627678571428572 0.42123809523809524 0.0035744047619047617 0.003485714285714286
2 0.3387797619047619 0.4126571428571429 0.003922619047619047 0.0027904761904761904
2 0.2756547619047619 0.42772380952380956 0.0035744047619047617 0.0030714285714285713
2 0.2076904761904762 0.444047619047619 0.0047083333333333335 0.0030714285714285713