3 0.22638988095238094 0.7233809523809523 0.0168125 0.025980952380952382
3 0.3213392857142857 0.7528761904761905 0.017577380952380952 0.028123809523809527
3 0.3164672619047619 0.6003428571428572 0.015476190476190477 0.025066666666666668
3 0.21148809523809525 0.3299761904761905 0.017193452380952382 0.026595238095238095
3 0.44131845238095235 0.5748190476190476 0.017193452380952382 0.027204761904761905
1 0.4997767857142857 0.5350809523809524 0.017577380952380952 0.026595238095238095
4 0.5238482142857143 0.4271809523809524 0.017577380952380952 0.02842857142857143
4 0.6385744047619047 0.4644714285714286 0.01738392857142857 0.029652380952380954
4 0.6595892857142857 0.5989714285714285 0.01738392857142857 0.029652380952380954
3 0.7709672619047618 0.5641238095238096 0.01662202380952381 0.026595238095238095
3 0.8159613095238095 0.47960476190476187 0.0168125 0.02750952380952381
0 0.6716249999999999 0.5061952380952381 0.01623809523809524 0.025676190476190477
2 0.1378839285714286 0.3695333333333333 0.004654761904761905 0.0074476190476190475
2 0.13847916666666668 0.5059476190476191 0.004654761904761905 0.008019047619047618
2 0.13907440476190477 0.6418857142857143 0.005369047619047619 0.007638095238095238
2 0.2485 0.8145761904761905 0.004654761904761905 0.007061904761904762
2 0.3332797619047619 0.8146714285714285 0.005011904761904762 0.007257142857142857
2 0.41788392857142853 0.8150523809523809 0.004056547619047619 0.007638095238095238
2 0.5864345238095239 0.8156238095238095 0.004175595238095238 0.007257142857142857
2 0.6713928571428571 0.8150523809523809 0.004654761904761905 0.008019047619047618
2 0.7559970238095238 0.8147666666666666 0.0044136904761904764 0.0074476190476190475
2 0.8650625000000001 0.6420761904761905 0.004654761904761905 0.0084
2 0.8656577380952382 0.5060428571428571 0.0044136904761904764 0.008971428571428571
2 0.8664940476190477 0.36991428571428575 0.004654761904761905 0.00859047619047619
2 0.7579672619047619 0.19502857142857144 0.004294642857142857 0.00668095238095238
2 0.6727053571428572 0.19464761904761904 0.004892857142857143 0.008209523809523809
2 0.5872678571428571 0.1940714285714286 0.003699404761904762 0.0063
2 0.4173452380952381 0.19388095238095238 0.005607142857142857 0.00668095238095238
2 0.3320863095238095 0.19426666666666664 0.003818452380952381 0.0063
2 0.24670833333333336 0.19531428571428572 0.004892857142857143 0.007638095238095238