0 0.5651041666666666 0.525 0.022916666666666665 0.037037037037037035
1 0.3953125 0.38333333333333336 0.0203125 0.03518518518518519
2 0.36171875 0.7564814814814815 0.008854166666666666 0.013888888888888888
2 0.509375 0.7587962962962963 0.008854166666666666 0.013888888888888888
2 0.6559895833333333 0.7597222222222222 0.008854166666666666 0.013888888888888888
2 0.8236979166666667 0.6481481481481481 0.008854166666666666 0.014814814814814815
2 0.809375 0.5694444444444444 0.008854166666666666 0.014814814814814815
2 0.7963541666666667 0.49953703703703706 0.008854166666666666 0.014814814814814815
2 0.19635416666666666 0.6444444444444445 0.0078125 0.012962962962962963
2 0.21119791666666668 0.5662037037037037 0.0078125 0.012962962962962963
2 0.22447916666666667 0.49583333333333335 0.0078125 0.012962962962962963
2 0.24869791666666666 0.37037037037037035 0.00625 0.010185185185185186
2 0.2591145833333333 0.31574074074074077 0.00625 0.010185185185185186
2 0.26927083333333335 0.26435185185185184 0.00625 0.010185185185185186
2 0.7734375 0.37407407407407406 0.007291666666666667 0.011111111111111112
2 0.7638020833333333 0.3199074074074074 0.007291666666666667 0.011111111111111112
2 0.7533854166666667 0.2675925925925926 0.007291666666666667 0.011111111111111112
2 0.5114583333333333 0.20694444444444443 0.007291666666666667 0.011111111111111112
2 0.6130208333333333 0.20601851851851852 0.007291666666666667 0.011111111111111112