3 0.5276041666666667 0.5939814814814814 0.019791666666666666 0.024074074074074074
3 0.5049479166666667 0.5708333333333333 0.019791666666666666 0.024074074074074074
4 0.51640625 0.5819444444444445 0.0203125 0.024074074074074074
4 0.49322916666666666 0.5824074074074074 0.020833333333333332 0.022222222222222223
0 0.5046875 0.5939814814814814 0.020833333333333332 0.023148148148148147
3 0.48046875 0.5935185185185186 0.0203125 0.024074074074074074
4 0.540625 0.6069444444444444 0.021875 0.025
3 0.5171875 0.6050925925925926 0.019270833333333334 0.021296296296296296
3 0.49244791666666665 0.6069444444444444 0.0203125 0.025925925925925925
4 0.4671875 0.6087962962962963 0.0203125 0.02962962962962963
3 0.553125 0.625 0.0234375 0.03888888888888889
4 0.5296875 0.625462962962963 0.023958333333333335 0.03981481481481482
4 0.5046875 0.625462962962963 0.025 0.03981481481481482
3 0.48072916666666665 0.6263888888888889 0.022395833333333334 0.040740740740740744
4 0.4557291666666667 0.625462962962963 0.023958333333333335 0.040740740740740744
1 0.4661458333333333 0.23055555555555557 0.019270833333333334 0.03148148148148148
2 0.35703125 0.7574074074074074 0.0078125 0.012962962962962963
2 0.5049479166666667 0.7592592592592593 0.0078125 0.012962962962962963
2 0.6510416666666666 0.7597222222222222 0.0078125 0.012962962962962963
2 0.81796875 0.649074074074074 0.0078125 0.012962962962962963
2 0.8044270833333333 0.5703703703703704 0.0078125 0.012962962962962963
2 0.79140625 0.4976851851851852 0.0078125 0.012962962962962963
2 0.19114583333333332 0.6444444444444445 0.007291666666666667 0.011111111111111112
2 0.20598958333333334 0.5671296296296297 0.007291666666666667 0.011111111111111112
2 0.22005208333333334 0.49583333333333335 0.007291666666666667 0.011111111111111112
2 0.24401041666666667 0.3712962962962963 0.00625 0.010185185185185186
2 0.25494791666666666 0.31666666666666665 0.00625 0.010185185185185186
2 0.2643229166666667 0.2652777777777778 0.00625 0.010185185185185186
2 0.7690104166666667 0.37407407407407406 0.007291666666666667 0.011111111111111112
2 0.75859375 0.3189814814814815 0.007291666666666667 0.011111111111111112
2 0.7486979166666666 0.2675925925925926 0.007291666666666667 0.011111111111111112
2 0.40572916666666664 0.20601851851851852 0.00625 0.010185185185185186
2 0.5065104166666666 0.2064814814814815 0.00625 0.010185185185185186
2 0.60703125 0.20601851851851852 0.00625 0.010185185185185186