3 0.48359375 0.24212962962962964 0.01875 0.030555555555555555
3 0.3171875 0.2657407407407407 0.01875 0.02962962962962963
1 0.44817708333333334 0.4324074074074074 0.020833333333333332 0.03518518518518519
3 0.640625 0.4398148148148148 0.021354166666666667 0.03611111111111111
4 0.59375 0.5666666666666667 0.022916666666666665 0.03796296296296296
0 0.5018229166666667 0.6018518518518519 0.0234375 0.03888888888888889
3 0.44036458333333334 0.6421296296296296 0.023958333333333335 0.03888888888888889
3 0.34270833333333334 0.675 0.025 0.03981481481481482
3 0.2828125 0.5819444444444445 0.023958333333333335 0.03796296296296296
2 0.35703125 0.7569444444444444 0.007291666666666667 0.012037037037037037
2 0.5036458333333333 0.7564814814814815 0.007291666666666667 0.012037037037037037
2 0.65078125 0.7583333333333333 0.007291666666666667 0.012037037037037037
2 0.8190104166666666 0.6476851851851851 0.0078125 0.012962962962962963
2 0.8036458333333333 0.5685185185185185 0.0078125 0.012962962962962963
2 0.7911458333333333 0.49907407407407406 0.0078125 0.012962962962962963
2 0.190625 0.6430555555555556 0.007291666666666667 0.011111111111111112
2 0.20598958333333334 0.5648148148148148 0.007291666666666667 0.011111111111111112
2 0.21953125 0.49537037037037035 0.007291666666666667 0.011111111111111112
2 0.24322916666666666 0.3699074074074074 0.00625 0.010185185185185186
2 0.25442708333333336 0.31527777777777777 0.00625 0.010185185185185186
2 0.2640625 0.2638888888888889 0.00625 0.010185185185185186
2 0.7684895833333333 0.37453703703703706 0.0067708333333333336 0.011111111111111112
2 0.7578125 0.31805555555555554 0.0067708333333333336 0.011111111111111112
2 0.7481770833333333 0.26666666666666666 0.0067708333333333336 0.011111111111111112
2 0.4049479166666667 0.20555555555555555 0.00625 0.010185185185185186
2 0.50625 0.20462962962962963 0.00625 0.010185185185185186
2 0.6080729166666666 0.20555555555555555 0.00625 0.010185185185185186