4 0.8322916666666667 0.5060185185185185 0.025520833333333333 0.04259259259259259
3 0.7127604166666667 0.5388888888888889 0.024479166666666666 0.04259259259259259
4 0.6033854166666667 0.5222222222222223 0.024479166666666666 0.04259259259259259
3 0.5130208333333334 0.6439814814814815 0.023958333333333335 0.04259259259259259
0 0.396875 0.7166666666666667 0.0234375 0.040740740740740744
3 0.37552083333333336 0.6680555555555555 0.025 0.041666666666666664
4 0.42864583333333334 0.3597222222222222 0.024479166666666666 0.04259259259259259
1 0.26640625 0.5319444444444444 0.024479166666666666 0.041666666666666664
4 0.246875 0.4222222222222222 0.025520833333333333 0.04351851851851852
4 0.22942708333333334 0.28888888888888886 0.025 0.04259259259259259
2 0.06354166666666666 0.6875 0.007291666666666667 0.012962962962962963
2 0.06484375 0.500462962962963 0.007291666666666667 0.012962962962962963
2 0.065625 0.3162037037037037 0.007291666666666667 0.012962962962962963
2 0.19348958333333333 0.08935185185185185 0.007291666666666667 0.012962962962962963
2 0.29765625 0.08935185185185185 0.007291666666666667 0.012962962962962963
2 0.4015625 0.08888888888888889 0.007291666666666667 0.012962962962962963
2 0.6088541666666667 0.08657407407407407 0.007291666666666667 0.012962962962962963
2 0.71328125 0.08518518518518518 0.007291666666666667 0.012962962962962963
2 0.8182291666666667 0.08472222222222223 0.007291666666666667 0.012962962962962963
2 0.9494791666666667 0.31203703703703706 0.007291666666666667 0.012962962962962963
2 0.9494791666666667 0.4986111111111111 0.007291666666666667 0.012962962962962963
2 0.95078125 0.6861111111111111 0.007291666666666667 0.012962962962962963
2 0.8213541666666667 0.9148148148148149 0.007291666666666667 0.012962962962962963
2 0.7151041666666667 0.9157407407407407 0.007291666666666667 0.012962962962962963
2 0.6109375 0.9148148148148149 0.007291666666666667 0.012962962962962963
2 0.40234375 0.9166666666666666 0.007291666666666667 0.012962962962962963
2 0.29791666666666666 0.9171296296296296 0.007291666666666667 0.012962962962962963
2 0.19296875 0.9185185185185185 0.007291666666666667 0.012962962962962963