0 0.3196934523809524 0.33842857142857147 0.02054761904761905 0.03403809523809524
4 0.504985119047619 0.7049 0.02707440476190476 0.045252380952380954
1 0.6302023809523809 0.7273333333333334 0.02755654761904762 0.03519523809523809
2 0.3563452380952381 0.7636476190476191 0.00800297619047619 0.00660952380952381
2 0.5036726190476191 0.7643714285714286 0.006839285714285714 0.007228571428571429
2 0.6504196428571428 0.7651952380952382 0.006583333333333333 0.007228571428571429
2 0.8181369047619048 0.6538904761904762 0.006711309523809524 0.0063999999999999994
2 0.8040059523809524 0.5753142857142858 0.006839285714285714 0.00660952380952381
2 0.7910982142857144 0.5041761904761904 0.007098214285714286 0.0068142857142857146
2 0.7681904761904762 0.3794476190476191 0.0061964285714285715 0.007228571428571429
2 0.7580595238095238 0.3244142857142857 0.006065476190476191 0.005371428571428571
2 0.7485089285714285 0.2727904761904762 0.005032738095238095 0.006195238095238095
2 0.6076339285714286 0.2121809523809524 0.004904761904761905 0.00599047619047619
2 0.5061904761904762 0.21176666666666666 0.0059375 0.00599047619047619
2 0.40500297619047615 0.21145714285714287 0.0061964285714285715 0.005780952380952381
2 0.26451785714285714 0.27051904761904766 0.005550595238095237 0.005780952380952381
2 0.25406249999999997 0.32204285714285713 0.006583333333333333 0.004747619047619048
2 0.24347916666666666 0.37666190476190475 0.005291666666666667 0.004957142857142857
2 0.2192797619047619 0.5010809523809524 0.004904761904761905 0.005161904761904762
2 0.20566369047619046 0.5717047619047618 0.006583333333333333 0.005576190476190477
2 0.1906934523809524 0.6498619047619048 0.006583333333333333 0.007019047619047619