2 0.41723511904761906 0.19425714285714285 0.00394047619047619 0.0064428571428571425
2 0.3320208333333333 0.19446666666666668 0.0040267857142857145 0.006023809523809524
2 0.24684821428571427 0.19502857142857144 0.003851190476190476 0.006023809523809524
2 0.13795535714285714 0.3698190476190476 0.003675595238095238 0.006304761904761905
2 0.13847916666666668 0.5058142857142858 0.0040267857142857145 0.006304761904761905
2 0.13896130952380953 0.6418047619047619 0.00394047619047619 0.006023809523809524
2 0.24842559523809524 0.8144238095238095 0.003675595238095238 0.005880952380952381
2 0.33298214285714284 0.8147761904761904 0.003675595238095238 0.006023809523809524
2 0.4178035714285714 0.8151238095238095 0.003675595238095238 0.0064428571428571425
2 0.5866607142857143 0.8153380952380953 0.0035 0.006023809523809524
2 0.6713065476190476 0.8152666666666667 0.003675595238095238 0.0064428571428571425
2 0.7559970238095238 0.814847619047619 0.0037648809523809523 0.005880952380952381
2 0.8650654761904761 0.6420190476190476 0.0035892857142857146 0.0064428571428571425
2 0.8656785714285714 0.5061619047619048 0.0037648809523809523 0.0064428571428571425
2 0.8660714285714286 0.37010000000000004 0.003675595238095238 0.007142857142857143
2 0.7577916666666666 0.19495714285714286 0.0040267857142857145 0.0064428571428571425
2 0.6727946428571429 0.19453809523809523 0.003851190476190476 0.006161904761904762
2 0.5874047619047619 0.19440000000000002 0.0035892857142857146 0.006723809523809523
0 0.345485119047619 0.7327380952380952 0.013889880952380952 0.02261904761904762
4 0.7979910714285714 0.5043666666666667 0.016616071428571428 0.024604761904761907
1 0.8258928571428571 0.3865095238095238 0.01636904761904762 0.025395238095238096