4 0.7184895833333333 0.40555555555555556 0.0203125 0.032407407407407406
4 0.6809895833333334 0.3212962962962963 0.019791666666666666 0.032407407407407406
3 0.5825520833333333 0.2657407407407407 0.01875 0.03148148148148148
3 0.48151041666666666 0.32314814814814813 0.019791666666666666 0.032407407407407406
1 0.36692708333333335 0.32083333333333336 0.019270833333333334 0.032407407407407406
3 0.29739583333333336 0.34444444444444444 0.019791666666666666 0.030555555555555555
4 0.33984375 0.3731481481481482 0.0203125 0.03425925925925926
4 0.54609375 0.5009259259259259 0.022395833333333334 0.037037037037037035
3 0.4828125 0.4837962962962963 0.021354166666666667 0.037037037037037035
3 0.33489583333333334 0.5287037037037037 0.022916666666666665 0.03796296296296296
0 0.2799479166666667 0.5467592592592593 0.0234375 0.03518518518518519
3 0.32578125 0.5666666666666667 0.0234375 0.03611111111111111
4 0.46380208333333334 0.6083333333333333 0.022916666666666665 0.037037037037037035
3 0.6145833333333334 0.6546296296296297 0.024479166666666666 0.03981481481481482
4 0.3221354166666667 0.7180555555555556 0.025 0.037037037037037035
2 0.3575520833333333 0.7569444444444444 0.008854166666666666 0.014814814814814815
2 0.5033854166666667 0.7578703703703704 0.008854166666666666 0.014814814814814815
2 0.6515625 0.7583333333333333 0.008854166666666666 0.014814814814814815
2 0.8182291666666667 0.6486111111111111 0.008854166666666666 0.013888888888888888
2 0.8044270833333333 0.5699074074074074 0.008854166666666666 0.013888888888888888
2 0.790625 0.49722222222222223 0.008854166666666666 0.013888888888888888
2 0.190625 0.6439814814814815 0.008854166666666666 0.013888888888888888
2 0.20520833333333333 0.5652777777777778 0.008854166666666666 0.013888888888888888
2 0.21979166666666666 0.4949074074074074 0.008854166666666666 0.013888888888888888
2 0.24296875 0.37083333333333335 0.0078125 0.012962962962962963
2 0.25442708333333336 0.3148148148148148 0.0078125 0.012962962962962963
2 0.2635416666666667 0.26435185185185184 0.0078125 0.012962962962962963
2 0.7684895833333333 0.3731481481481482 0.007291666666666667 0.012037037037037037
2 0.7575520833333333 0.31805555555555554 0.007291666666666667 0.012037037037037037
2 0.7484375 0.26851851851851855 0.007291666666666667 0.012037037037037037
2 0.4049479166666667 0.2050925925925926 0.00625 0.010185185185185186
2 0.5067708333333333 0.20601851851851852 0.00625 0.010185185185185186
2 0.6078125 0.20555555555555555 0.00625 0.010185185185185186