4 0.8559895833333333 0.587037037037037 0.022395833333333334 0.03796296296296296
3 0.8200520833333333 0.5425925925925926 0.021875 0.03518518518518519
4 0.69140625 0.5486111111111112 0.021875 0.03518518518518519
4 0.6158854166666666 0.6231481481481481 0.023958333333333335 0.03888888888888889
0 0.5755208333333334 0.5 0.0203125 0.03425925925925926
4 0.3619791666666667 0.33796296296296297 0.016145833333333335 0.026851851851851852
3 0.34739583333333335 0.30185185185185187 0.015104166666666667 0.025
3 0.23125 0.3333333333333333 0.016145833333333335 0.026851851851851852
4 0.38515625 0.5412037037037037 0.021354166666666667 0.03425925925925926
3 0.34296875 0.5782407407407407 0.022395833333333334 0.03611111111111111
3 0.34036458333333336 0.5361111111111111 0.021354166666666667 0.03611111111111111
4 0.3033854166666667 0.5393518518518519 0.020833333333333332 0.037037037037037035
4 0.29973958333333334 0.5208333333333334 0.0203125 0.025
3 0.2755208333333333 0.5078703703703704 0.020833333333333332 0.03425925925925926
3 0.22395833333333334 0.4652777777777778 0.019270833333333334 0.03148148148148148
1 0.084375 0.37453703703703706 0.017708333333333333 0.026851851851851852
2 0.6973958333333333 0.762962962962963 0.008333333333333333 0.012962962962962963
2 0.7984375 0.7018518518518518 0.008333333333333333 0.012962962962962963
2 0.8869791666666667 0.6476851851851851 0.008333333333333333 0.012962962962962963
2 0.42578125 0.737037037037037 0.007291666666666667 0.012037037037037037
2 0.3453125 0.6611111111111111 0.007291666666666667 0.012037037037037037
2 0.27578125 0.5958333333333333 0.007291666666666667 0.012037037037037037
2 0.0734375 0.4041666666666667 0.005729166666666666 0.009259259259259259
2 0.11640625 0.44351851851851853 0.005729166666666666 0.009259259259259259
2 0.16328125 0.4888888888888889 0.005729166666666666 0.009259259259259259
2 0.8559895833333333 0.5171296296296296 0.0067708333333333336 0.011111111111111112
2 0.7677083333333333 0.4703703703703704 0.0067708333333333336 0.011111111111111112
2 0.6893229166666667 0.42777777777777776 0.0067708333333333336 0.011111111111111112
2 0.5559895833333334 0.35648148148148145 0.004166666666666667 0.007407407407407408
2 0.4984375 0.32592592592592595 0.004166666666666667 0.007407407407407408
2 0.4453125 0.29768518518518516 0.004166666666666667 0.007407407407407408
2 0.13880208333333333 0.3287037037037037 0.005729166666666666 0.009259259259259259
2 0.2203125 0.3074074074074074 0.005729166666666666 0.009259259259259259
2 0.2955729166666667 0.287962962962963 0.005729166666666666 0.009259259259259259