4 0.8122395833333333 0.44166666666666665 0.016145833333333335 0.025925925925925925
4 0.7388020833333333 0.6356481481481482 0.015104166666666667 0.025
4 0.66953125 0.5652777777777778 0.015625 0.025
3 0.5989583333333334 0.27870370370370373 0.015104166666666667 0.023148148148148147
1 0.5919270833333333 0.4046296296296296 0.015625 0.025
0 0.6036458333333333 0.6708333333333333 0.015104166666666667 0.024074074074074074
3 0.5354166666666667 0.7513888888888889 0.014583333333333334 0.024074074074074074
3 0.5236979166666667 0.5291666666666667 0.015104166666666667 0.024074074074074074
4 0.44817708333333334 0.2537037037037037 0.014583333333333334 0.024074074074074074
3 0.41380208333333335 0.25277777777777777 0.015625 0.025925925925925925
4 0.4158854166666667 0.45092592592592595 0.015625 0.025925925925925925
3 0.4049479166666667 0.49166666666666664 0.014583333333333334 0.023148148148148147
3 0.41640625 0.5416666666666666 0.015104166666666667 0.024074074074074074
4 0.3606770833333333 0.4986111111111111 0.015625 0.025
4 0.26875 0.6782407407407407 0.016145833333333335 0.025
3 0.25104166666666666 0.6319444444444444 0.015625 0.024074074074074074
2 0.13828125 0.6421296296296296 0.0067708333333333336 0.010185185185185186
2 0.13828125 0.5050925925925925 0.0067708333333333336 0.010185185185185186
2 0.13828125 0.36944444444444446 0.0067708333333333336 0.010185185185185186
2 0.8645833333333334 0.6412037037037037 0.00625 0.010185185185185186
2 0.865625 0.5060185185185185 0.00625 0.010185185185185186
2 0.86640625 0.36898148148148147 0.00625 0.010185185185185186
2 0.24791666666666667 0.8148148148148148 0.007291666666666667 0.012037037037037037
2 0.33255208333333336 0.8148148148148148 0.007291666666666667 0.012037037037037037
2 0.41796875 0.8157407407407408 0.007291666666666667 0.012037037037037037
2 0.5861979166666667 0.8152777777777778 0.0067708333333333336 0.011111111111111112
2 0.6713541666666667 0.8166666666666667 0.0067708333333333336 0.011111111111111112
2 0.7565104166666666 0.8138888888888889 0.0067708333333333336 0.011111111111111112
2 0.24635416666666668 0.19583333333333333 0.00625 0.010185185185185186
2 0.33203125 0.19490740740740742 0.00625 0.010185185185185186
2 0.4166666666666667 0.19444444444444445 0.00625 0.010185185185185186
2 0.5875 0.19444444444444445 0.00625 0.010185185185185186
2 0.6723958333333333 0.19444444444444445 0.00625 0.010185185185185186
2 0.7578125 0.19583333333333333 0.00625 0.010185185185185186