4 0.7911458333333333 0.29259259259259257 0.016145833333333335 0.025
4 0.7802083333333333 0.2550925925925926 0.014583333333333334 0.024074074074074074
4 0.76484375 0.7439814814814815 0.015625 0.025925925925925925
3 0.75390625 0.6856481481481481 0.015104166666666667 0.024074074074074074
3 0.7489583333333333 0.4125 0.014583333333333334 0.022222222222222223
0 0.7127604166666667 0.5023148148148148 0.015104166666666667 0.024074074074074074
3 0.5723958333333333 0.4597222222222222 0.015625 0.023148148148148147
3 0.5723958333333333 0.5800925925925926 0.015104166666666667 0.024074074074074074
4 0.5591145833333333 0.600925925925926 0.015625 0.024074074074074074
3 0.5416666666666666 0.5097222222222222 0.015104166666666667 0.025
4 0.43984375 0.2759259259259259 0.015625 0.025925925925925925
3 0.35052083333333334 0.26990740740740743 0.015625 0.025
4 0.29739583333333336 0.3138888888888889 0.015104166666666667 0.025
1 0.19791666666666666 0.7050925925925926 0.016145833333333335 0.025925925925925925
3 0.19583333333333333 0.32685185185185184 0.016145833333333335 0.025
4 0.17786458333333333 0.31666666666666665 0.016145833333333335 0.025
2 0.13880208333333333 0.6416666666666667 0.0067708333333333336 0.011111111111111112
2 0.13854166666666667 0.5060185185185185 0.0067708333333333336 0.011111111111111112
2 0.13828125 0.3699074074074074 0.0067708333333333336 0.011111111111111112
2 0.86484375 0.6435185185185185 0.0078125 0.012037037037037037
2 0.8658854166666666 0.5064814814814815 0.0078125 0.012037037037037037
2 0.8661458333333333 0.3685185185185185 0.0078125 0.012037037037037037
2 0.24869791666666666 0.8143518518518519 0.0046875 0.007407407407407408
2 0.3328125 0.8143518518518519 0.0046875 0.007407407407407408
2 0.41744791666666664 0.8143518518518519 0.0046875 0.007407407407407408
2 0.5869791666666667 0.8152777777777778 0.005208333333333333 0.008333333333333333
2 0.67109375 0.8152777777777778 0.005208333333333333 0.008333333333333333
2 0.7559895833333333 0.8138888888888889 0.005208333333333333 0.008333333333333333
2 0.24713541666666666 0.19583333333333333 0.0067708333333333336 0.011111111111111112
2 0.33229166666666665 0.19490740740740742 0.0067708333333333336 0.011111111111111112
2 0.4171875 0.19398148148148148 0.0067708333333333336 0.011111111111111112
2 0.5875 0.19398148148148148 0.00625 0.010185185185185186
2 0.6729166666666667 0.19490740740740742 0.00625 0.010185185185185186
2 0.7578125 0.19490740740740742 0.00625 0.010185185185185186