3 0.69765625 0.7236111111111111 0.023958333333333335 0.02962962962962963
3 0.68359375 0.35 0.019791666666666666 0.032407407407407406
3 0.64296875 0.32546296296296295 0.019791666666666666 0.032407407407407406
3 0.5799479166666667 0.4638888888888889 0.021875 0.03611111111111111
3 0.5299479166666666 0.43472222222222223 0.020833333333333332 0.03518518518518519
3 0.3958333333333333 0.3837962962962963 0.0203125 0.03333333333333333
0 0.35052083333333334 0.5699074074074074 0.0234375 0.03796296296296296
3 0.2635416666666667 0.44305555555555554 0.021354166666666667 0.03611111111111111
1 0.2721354166666667 0.5425925925925926 0.022395833333333334 0.03888888888888889
4 0.2375 0.6643518518518519 0.024479166666666666 0.041666666666666664
2 0.35 0.7564814814814815 0.008333333333333333 0.012962962962962963
2 0.49635416666666665 0.7574074074074074 0.008333333333333333 0.012962962962962963
2 0.64375 0.7587962962962963 0.008333333333333333 0.012962962962962963
2 0.8111979166666666 0.6467592592592593 0.007291666666666667 0.012037037037037037
2 0.7966145833333333 0.5685185185185185 0.007291666666666667 0.012037037037037037
2 0.78359375 0.4981481481481482 0.007291666666666667 0.012037037037037037
2 0.18359375 0.6439814814814815 0.007291666666666667 0.011111111111111112
2 0.19791666666666666 0.5652777777777778 0.007291666666666667 0.011111111111111112
2 0.2125 0.4949074074074074 0.007291666666666667 0.011111111111111112
2 0.23567708333333334 0.36944444444444446 0.00625 0.010185185185185186
2 0.24765625 0.3148148148148148 0.00625 0.010185185185185186
2 0.25729166666666664 0.26435185185185184 0.00625 0.010185185185185186
2 0.7609375 0.3726851851851852 0.00625 0.010185185185185186
2 0.75078125 0.31666666666666665 0.00625 0.010185185185185186
2 0.7411458333333333 0.2671296296296296 0.00625 0.010185185185185186
2 0.39765625 0.20462962962962963 0.005729166666666666 0.009259259259259259
2 0.4986979166666667 0.20601851851851852 0.005729166666666666 0.009259259259259259
2 0.6010416666666667 0.20601851851851852 0.005729166666666666 0.009259259259259259