4 0.8533854166666667 0.5337962962962963 0.026041666666666668 0.044444444444444446
3 0.5786458333333333 0.5259259259259259 0.024479166666666666 0.041666666666666664
3 0.43255208333333334 0.7638888888888888 0.024479166666666666 0.04259259259259259
3 0.41302083333333334 0.7226851851851852 0.023958333333333335 0.041666666666666664
4 0.39557291666666666 0.5527777777777778 0.023958333333333335 0.041666666666666664
4 0.3770833333333333 0.3837962962962963 0.024479166666666666 0.04351851851851852
0 0.3111979166666667 0.5782407407407407 0.0234375 0.040740740740740744
1 0.290625 0.30925925925925923 0.023958333333333335 0.041666666666666664
4 0.2638020833333333 0.5106481481481482 0.0234375 0.04259259259259259
3 0.24088541666666666 0.5185185185185185 0.025520833333333333 0.04259259259259259
4 0.253125 0.5736111111111111 0.024479166666666666 0.041666666666666664
3 0.19739583333333333 0.8287037037037037 0.023958333333333335 0.041666666666666664
4 0.11770833333333333 0.25601851851851853 0.025520833333333333 0.04259259259259259
3 0.11328125 0.687037037037037 0.025 0.040740740740740744
2 0.06484375 0.6861111111111111 0.007291666666666667 0.012962962962962963
2 0.06588541666666667 0.5009259259259259 0.007291666666666667 0.012962962962962963
2 0.06640625 0.31296296296296294 0.007291666666666667 0.012962962962962963
2 0.19453125 0.08657407407407407 0.007291666666666667 0.012962962962962963
2 0.2994791666666667 0.08888888888888889 0.007291666666666667 0.012962962962962963
2 0.403125 0.08888888888888889 0.007291666666666667 0.012962962962962963
2 0.6098958333333333 0.08796296296296297 0.007291666666666667 0.012962962962962963
2 0.7138020833333333 0.08564814814814815 0.007291666666666667 0.012962962962962963
2 0.8190104166666666 0.08518518518518518 0.007291666666666667 0.012962962962962963
2 0.9494791666666667 0.3138888888888889 0.007291666666666667 0.012962962962962963
2 0.95 0.49953703703703706 0.007291666666666667 0.012962962962962963
2 0.95078125 0.687037037037037 0.007291666666666667 0.012962962962962963
2 0.8208333333333333 0.9162037037037037 0.007291666666666667 0.012962962962962963
2 0.7151041666666667 0.9152777777777777 0.007291666666666667 0.012962962962962963
2 0.6111979166666667 0.9143518518518519 0.007291666666666667 0.012962962962962963
2 0.40286458333333336 0.9157407407407407 0.007291666666666667 0.012962962962962963
2 0.29791666666666666 0.9162037037037037 0.007291666666666667 0.012962962962962963
2 0.19322916666666667 0.9171296296296296 0.007291666666666667 0.012962962962962963