3 0.6427083333333333 0.32592592592592595 0.019791666666666666 0.03148148148148148
3 0.6833333333333333 0.350462962962963 0.019791666666666666 0.032407407407407406
4 0.6973958333333333 0.5912037037037037 0.0234375 0.03981481481481482
3 0.6973958333333333 0.7240740740740741 0.024479166666666666 0.02962962962962963
3 0.5794270833333334 0.46435185185185185 0.021875 0.03611111111111111
3 0.5302083333333333 0.43425925925925923 0.020833333333333332 0.03425925925925926
1 0.5424479166666667 0.5675925925925925 0.0234375 0.03796296296296296
3 0.3958333333333333 0.38425925925925924 0.020833333333333332 0.03333333333333333
4 0.39401041666666664 0.6518518518518519 0.024479166666666666 0.040740740740740744
0 0.35052083333333334 0.5689814814814815 0.023958333333333335 0.03518518518518519
3 0.2638020833333333 0.4425925925925926 0.021354166666666667 0.03611111111111111
4 0.23411458333333332 0.662962962962963 0.025 0.040740740740740744
2 0.35 0.7583333333333333 0.008854166666666666 0.013888888888888888
2 0.496875 0.7583333333333333 0.008854166666666666 0.013888888888888888
2 0.6434895833333333 0.7587962962962963 0.008854166666666666 0.013888888888888888
2 0.8111979166666666 0.6472222222222223 0.009375 0.014814814814814815
2 0.79609375 0.5694444444444444 0.009375 0.014814814814814815
2 0.7841145833333333 0.4981481481481482 0.009375 0.014814814814814815
2 0.18307291666666667 0.6449074074074074 0.0078125 0.012962962962962963
2 0.19817708333333334 0.5652777777777778 0.0078125 0.012962962962962963
2 0.21223958333333334 0.49444444444444446 0.0078125 0.012962962962962963
2 0.7609375 0.3731481481481482 0.005729166666666666 0.009259259259259259
2 0.7505208333333333 0.3175925925925926 0.005729166666666666 0.009259259259259259
2 0.7411458333333333 0.2671296296296296 0.005729166666666666 0.009259259259259259
2 0.23619791666666667 0.37037037037037035 0.00625 0.010185185185185186
2 0.24713541666666666 0.3148148148148148 0.00625 0.010185185185185186
2 0.25625 0.26342592592592595 0.00625 0.010185185185185186
2 0.39817708333333335 0.20462962962962963 0.007291666666666667 0.011111111111111112
2 0.49921875 0.2050925925925926 0.007291666666666667 0.011111111111111112
2 0.6005208333333333 0.20601851851851852 0.007291666666666667 0.011111111111111112