4 0.70390625 0.3125 0.016145833333333335 0.025925925925925925
3 0.6791666666666667 0.3587962962962963 0.015104166666666667 0.024074074074074074
0 0.7026041666666667 0.5069444444444444 0.015104166666666667 0.024074074074074074
3 0.6388020833333333 0.6185185185185185 0.014583333333333334 0.023148148148148147
3 0.6143229166666667 0.4842592592592593 0.015104166666666667 0.024074074074074074
3 0.5598958333333334 0.287962962962963 0.015104166666666667 0.025
3 0.4583333333333333 0.2537037037037037 0.015104166666666667 0.024074074074074074
4 0.46822916666666664 0.31157407407407406 0.015104166666666667 0.025925925925925925
1 0.45989583333333334 0.5523148148148148 0.015625 0.025
4 0.37473958333333335 0.3 0.015625 0.024074074074074074
4 0.2596354166666667 0.5597222222222222 0.015104166666666667 0.023148148148148147
3 0.20078125 0.32731481481481484 0.016666666666666666 0.024074074074074074
2 0.13854166666666667 0.6430555555555556 0.007291666666666667 0.012037037037037037
2 0.13828125 0.5055555555555555 0.007291666666666667 0.012037037037037037
2 0.13776041666666666 0.3699074074074074 0.007291666666666667 0.012037037037037037
2 0.86484375 0.6416666666666667 0.00625 0.010185185185185186
2 0.865625 0.5060185185185185 0.00625 0.010185185185185186
2 0.8661458333333333 0.3699074074074074 0.00625 0.010185185185185186
2 0.24765625 0.8143518518518519 0.0046875 0.007407407407407408
2 0.3328125 0.8148148148148148 0.0046875 0.007407407407407408
2 0.41796875 0.8148148148148148 0.0046875 0.007407407407407408
2 0.5861979166666667 0.8152777777777778 0.0046875 0.007407407407407408
2 0.6713541666666667 0.8152777777777778 0.0046875 0.007407407407407408
2 0.7552083333333334 0.8134259259259259 0.0046875 0.007407407407407408
2 0.24661458333333333 0.19490740740740742 0.005729166666666666 0.009259259259259259
2 0.33203125 0.19490740740740742 0.005729166666666666 0.009259259259259259
2 0.41692708333333334 0.19444444444444445 0.005729166666666666 0.009259259259259259
2 0.5872395833333334 0.19305555555555556 0.0067708333333333336 0.011111111111111112
2 0.6731770833333334 0.19444444444444445 0.0067708333333333336 0.011111111111111112
2 0.7578125 0.19583333333333333 0.0067708333333333336 0.011111111111111112