3 0.17317708333333334 0.2662037037037037 0.016145833333333335 0.025
3 0.7416666666666667 0.7300925925925926 0.015104166666666667 0.023148148148148147
4 0.7700520833333333 0.2462962962962963 0.015625 0.024074074074074074
3 0.7684895833333333 0.31203703703703706 0.015625 0.025
3 0.7247395833333333 0.3662037037037037 0.015104166666666667 0.025
0 0.6671875 0.29583333333333334 0.015104166666666667 0.024074074074074074
4 0.6091145833333333 0.2814814814814815 0.015104166666666667 0.024074074074074074
4 0.6138020833333333 0.475462962962963 0.015625 0.025
4 0.5278645833333333 0.7509259259259259 0.015104166666666667 0.024074074074074074
3 0.53359375 0.5310185185185186 0.014583333333333334 0.024074074074074074
4 0.540625 0.2902777777777778 0.015625 0.025
4 0.39401041666666664 0.5986111111111111 0.015625 0.025925925925925925
1 0.35104166666666664 0.2800925925925926 0.016145833333333335 0.025925925925925925
3 0.33203125 0.30185185185185187 0.015625 0.025
3 0.19166666666666668 0.41712962962962963 0.016145833333333335 0.024074074074074074
4 0.17942708333333332 0.475 0.016145833333333335 0.024074074074074074
2 0.7559895833333333 0.8148148148148148 0.005729166666666666 0.009259259259259259
2 0.67109375 0.8152777777777778 0.005729166666666666 0.009259259259259259
2 0.5864583333333333 0.8148148148148148 0.005729166666666666 0.009259259259259259
2 0.41796875 0.8152777777777778 0.00625 0.010185185185185186
2 0.33255208333333336 0.8143518518518519 0.00625 0.010185185185185186
2 0.24817708333333333 0.8157407407407408 0.00625 0.010185185185185186
2 0.13880208333333333 0.6421296296296296 0.00625 0.009259259259259259
2 0.13776041666666666 0.5050925925925925 0.00625 0.009259259259259259
2 0.13802083333333334 0.36944444444444446 0.00625 0.009259259259259259
2 0.865625 0.6416666666666667 0.00625 0.010185185185185186
2 0.865625 0.5055555555555555 0.00625 0.010185185185185186
2 0.865625 0.37037037037037035 0.00625 0.010185185185185186
2 0.24635416666666668 0.19537037037037036 0.00625 0.009259259259259259
2 0.33203125 0.19398148148148148 0.00625 0.009259259259259259
2 0.41744791666666664 0.19537037037037036 0.00625 0.009259259259259259
2 0.5877604166666667 0.19490740740740742 0.007291666666666667 0.012037037037037037
2 0.67265625 0.19398148148148148 0.007291666666666667 0.012037037037037037
2 0.7578125 0.19537037037037036 0.007291666666666667 0.012037037037037037