3 0.7692708333333333 0.5787037037037037 0.021354166666666667 0.03425925925925926
0 0.68125 0.5143518518518518 0.019270833333333334 0.03148148148148148
3 0.6140625 0.6435185185185185 0.022395833333333334 0.037037037037037035
3 0.45364583333333336 0.6962962962962963 0.023958333333333335 0.03981481481481482
3 0.43385416666666665 0.4986111111111111 0.01875 0.030555555555555555
3 0.4401041666666667 0.36944444444444446 0.015104166666666667 0.025925925925925925
4 0.31588541666666664 0.4981481481481482 0.01875 0.030555555555555555
4 0.30442708333333335 0.4439814814814815 0.017708333333333333 0.028703703703703703
3 0.30703125 0.3384259259259259 0.014583333333333334 0.024074074074074074
4 0.27005208333333336 0.3425925925925926 0.014583333333333334 0.024074074074074074
4 0.25807291666666665 0.41064814814814815 0.016666666666666666 0.026851851851851852
1 0.22161458333333334 0.43796296296296294 0.017708333333333333 0.028703703703703703
2 0.6533854166666667 0.7625 0.0078125 0.012962962962962963
2 0.75390625 0.7060185185185185 0.0078125 0.012962962962962963
2 0.84375 0.6569444444444444 0.0078125 0.012962962962962963
2 0.8223958333333333 0.5319444444444444 0.00625 0.010185185185185186
2 0.7408854166666666 0.4861111111111111 0.00625 0.010185185185185186
2 0.6682291666666667 0.44583333333333336 0.00625 0.010185185185185186
2 0.3958333333333333 0.7324074074074074 0.008854166666666666 0.014814814814814815
2 0.32447916666666665 0.6583333333333333 0.008854166666666666 0.014814814814814815
2 0.2638020833333333 0.5958333333333333 0.008854166666666666 0.014814814814814815
2 0.16796875 0.49444444444444446 0.005208333333333333 0.008333333333333333
2 0.12708333333333333 0.45231481481481484 0.005208333333333333 0.008333333333333333
2 0.09140625 0.4148148148148148 0.005208333333333333 0.008333333333333333
2 0.5471354166666667 0.3763888888888889 0.005208333333333333 0.008333333333333333
2 0.49453125 0.34814814814814815 0.005208333333333333 0.008333333333333333
2 0.4473958333333333 0.32175925925925924 0.005208333333333333 0.008333333333333333
2 0.15833333333333333 0.34629629629629627 0.005208333333333333 0.008333333333333333
2 0.2359375 0.3282407407407407 0.005208333333333333 0.008333333333333333
2 0.30833333333333335 0.3106481481481482 0.005208333333333333 0.008333333333333333