3 0.88984375 0.41203703703703703 0.025520833333333333 0.04259259259259259
4 0.8765625 0.2916666666666667 0.026041666666666668 0.04259259259259259
3 0.85703125 0.32546296296296295 0.025 0.04259259259259259
4 0.7755208333333333 0.3597222222222222 0.024479166666666666 0.04259259259259259
1 0.76640625 0.7666666666666667 0.023958333333333335 0.041666666666666664
4 0.46484375 0.4689814814814815 0.0234375 0.04259259259259259
3 0.3963541666666667 0.7296296296296296 0.023958333333333335 0.041666666666666664
0 0.3494791666666667 0.5731481481481482 0.0234375 0.041666666666666664
3 0.24375 0.30925925925925923 0.023958333333333335 0.041666666666666664
4 0.22239583333333332 0.2902777777777778 0.024479166666666666 0.04259259259259259
2 0.0640625 0.6865740740740741 0.007291666666666667 0.012962962962962963
2 0.06614583333333333 0.500462962962963 0.007291666666666667 0.012962962962962963
2 0.06614583333333333 0.31342592592592594 0.007291666666666667 0.012962962962962963
2 0.19453125 0.08703703703703704 0.007291666666666667 0.012962962962962963
2 0.2989583333333333 0.08935185185185185 0.007291666666666667 0.012962962962962963
2 0.40234375 0.08842592592592592 0.007291666666666667 0.012962962962962963
2 0.6098958333333333 0.08796296296296297 0.007291666666666667 0.012962962962962963
2 0.7138020833333333 0.08564814814814815 0.007291666666666667 0.012962962962962963
2 0.81875 0.08611111111111111 0.007291666666666667 0.012962962962962963
2 0.94921875 0.31296296296296294 0.007291666666666667 0.012962962962962963
2 0.95 0.500462962962963 0.007291666666666667 0.012962962962962963
2 0.95078125 0.6861111111111111 0.007291666666666667 0.012962962962962963
2 0.8208333333333333 0.9152777777777777 0.007291666666666667 0.012962962962962963
2 0.7161458333333334 0.9157407407407407 0.007291666666666667 0.012962962962962963
2 0.6119791666666666 0.9143518518518519 0.007291666666666667 0.012962962962962963
2 0.403125 0.9152777777777777 0.007291666666666667 0.012962962962962963
2 0.29791666666666666 0.9157407407407407 0.007291666666666667 0.012962962962962963
2 0.19296875 0.9171296296296296 0.007291666666666667 0.012962962962962963