3 0.5138020833333333 0.2518518518518518 0.018229166666666668 0.030555555555555555
3 0.4518229166666667 0.2537037037037037 0.01875 0.028703703703703703
3 0.34322916666666664 0.3597222222222222 0.0203125 0.03333333333333333
3 0.53828125 0.3236111111111111 0.019791666666666666 0.032407407407407406
1 0.6192708333333333 0.38425925925925924 0.020833333333333332 0.03425925925925926
4 0.7330729166666666 0.43425925925925923 0.021354166666666667 0.03425925925925926
3 0.46380208333333334 0.46111111111111114 0.021875 0.03611111111111111
3 0.284375 0.4074074074074074 0.020833333333333332 0.03333333333333333
4 0.41354166666666664 0.5569444444444445 0.0234375 0.03796296296296296
4 0.70859375 0.5800925925925926 0.0234375 0.03888888888888889
0 0.5450520833333333 0.5902777777777778 0.023958333333333335 0.03888888888888889
4 0.46458333333333335 0.600925925925926 0.0234375 0.040740740740740744
4 0.5497395833333333 0.6412037037037037 0.024479166666666666 0.03981481481481482
2 0.3494791666666667 0.7583333333333333 0.008333333333333333 0.012962962962962963
2 0.496875 0.7583333333333333 0.008333333333333333 0.012962962962962963
2 0.6440104166666667 0.7597222222222222 0.008333333333333333 0.012962962962962963
2 0.8109375 0.6476851851851851 0.008854166666666666 0.014814814814814815
2 0.7971354166666667 0.5666666666666667 0.008854166666666666 0.014814814814814815
2 0.7841145833333333 0.49583333333333335 0.008854166666666666 0.014814814814814815
2 0.7611979166666667 0.3726851851851852 0.00625 0.010185185185185186
2 0.7510416666666667 0.3175925925925926 0.00625 0.010185185185185186
2 0.7411458333333333 0.26666666666666666 0.00625 0.010185185185185186
2 0.18359375 0.6444444444444445 0.008333333333333333 0.012962962962962963
2 0.19921875 0.5648148148148148 0.008333333333333333 0.012962962962962963
2 0.21223958333333334 0.49444444444444446 0.008333333333333333 0.012962962962962963
2 0.23619791666666667 0.3699074074074074 0.0078125 0.012962962962962963
2 0.24739583333333334 0.31574074074074077 0.0078125 0.012962962962962963
2 0.25677083333333334 0.26342592592592595 0.0078125 0.012962962962962963
2 0.39739583333333334 0.2050925925925926 0.005729166666666666 0.009259259259259259
2 0.49895833333333334 0.2050925925925926 0.00625 0.010185185185185186
2 0.6010416666666667 0.20555555555555555 0.00625 0.010185185185185186