4 0.6739583333333333 0.287962962962963 0.0140625 0.023148148148148147
4 0.74140625 0.4532407407407407 0.015104166666666667 0.025925925925925925
0 0.6856770833333333 0.45694444444444443 0.015625 0.024074074074074074
4 0.6979166666666666 0.5388888888888889 0.016145833333333335 0.025
4 0.6494791666666667 0.5935185185185186 0.015104166666666667 0.023148148148148147
3 0.53046875 0.5439814814814815 0.0140625 0.024074074074074074
3 0.45859375 0.7518518518518519 0.014583333333333334 0.024074074074074074
3 0.3885416666666667 0.6907407407407408 0.015104166666666667 0.025
4 0.4276041666666667 0.5143518518518518 0.015625 0.024074074074074074
1 0.43307291666666664 0.42777777777777776 0.015625 0.025
4 0.49375 0.23703703703703705 0.015625 0.024074074074074074
3 0.33046875 0.45740740740740743 0.015104166666666667 0.024074074074074074
3 0.2140625 0.5662037037037037 0.016666666666666666 0.024074074074074074
3 0.21145833333333333 0.48564814814814816 0.015625 0.023148148148148147
4 0.17395833333333333 0.2375 0.016666666666666666 0.025
2 0.2484375 0.8143518518518519 0.00625 0.010185185185185186
2 0.3333333333333333 0.8143518518518519 0.00625 0.010185185185185186
2 0.41744791666666664 0.8152777777777778 0.00625 0.010185185185185186
2 0.5864583333333333 0.8143518518518519 0.005208333333333333 0.008333333333333333
2 0.67109375 0.8152777777777778 0.005208333333333333 0.008333333333333333
2 0.75546875 0.8148148148148148 0.005208333333333333 0.008333333333333333
2 0.8658854166666666 0.5064814814814815 0.007291666666666667 0.012037037037037037
2 0.8651041666666667 0.6416666666666667 0.007291666666666667 0.012037037037037037
2 0.8658854166666666 0.3699074074074074 0.007291666666666667 0.012037037037037037
2 0.6723958333333333 0.19444444444444445 0.005208333333333333 0.008333333333333333
2 0.7580729166666667 0.19444444444444445 0.005208333333333333 0.008333333333333333
2 0.5877604166666667 0.19398148148148148 0.005208333333333333 0.008333333333333333
2 0.24661458333333333 0.19537037037037036 0.007291666666666667 0.011111111111111112
2 0.33125 0.19490740740740742 0.007291666666666667 0.011111111111111112
2 0.4171875 0.19444444444444445 0.007291666666666667 0.011111111111111112
2 0.13828125 0.6402777777777777 0.008333333333333333 0.012962962962962963
2 0.13802083333333334 0.5055555555555555 0.008333333333333333 0.012962962962962963
2 0.13802083333333334 0.36944444444444446 0.008333333333333333 0.012962962962962963