4 0.6838541666666667 0.23333333333333334 0.019270833333333334 0.030555555555555555
0 0.73125 0.5402777777777777 0.0234375 0.03611111111111111
3 0.5994791666666667 0.4300925925925926 0.020833333333333332 0.03518518518518519
4 0.3963541666666667 0.7013888888888888 0.025520833333333333 0.04259259259259259
4 0.40651041666666665 0.625462962962963 0.023958333333333335 0.03888888888888889
1 0.29401041666666666 0.575462962962963 0.023958333333333335 0.03796296296296296
3 0.29192708333333334 0.45787037037037037 0.021875 0.03425925925925926
2 0.3497395833333333 0.7574074074074074 0.0078125 0.012962962962962963
2 0.49661458333333336 0.7592592592592593 0.0078125 0.012962962962962963
2 0.64375 0.7583333333333333 0.0078125 0.012962962962962963
2 0.8111979166666666 0.6476851851851851 0.009375 0.014814814814814815
2 0.7958333333333333 0.5699074074074074 0.009375 0.014814814814814815
2 0.7841145833333333 0.4986111111111111 0.009375 0.014814814814814815
2 0.7609375 0.3736111111111111 0.0067708333333333336 0.010185185185185186
2 0.75078125 0.31805555555555554 0.0067708333333333336 0.010185185185185186
2 0.7408854166666666 0.26805555555555555 0.0067708333333333336 0.010185185185185186
2 0.39739583333333334 0.20462962962962963 0.007291666666666667 0.011111111111111112
2 0.49921875 0.20555555555555555 0.007291666666666667 0.011111111111111112
2 0.6002604166666666 0.2064814814814815 0.007291666666666667 0.011111111111111112
2 0.18385416666666668 0.6449074074074074 0.009895833333333333 0.01574074074074074
2 0.19895833333333332 0.5662037037037037 0.009895833333333333 0.01574074074074074
2 0.2125 0.4935185185185185 0.009895833333333333 0.01574074074074074
2 0.23619791666666667 0.37037037037037035 0.005729166666666666 0.009259259259259259
2 0.246875 0.3148148148148148 0.005729166666666666 0.009259259259259259
2 0.25625 0.26435185185185184 0.005729166666666666 0.009259259259259259