3 0.5276041666666667 0.7351851851851852 0.014583333333333334 0.024074074074074074
1 0.6510416666666666 0.6699074074074074 0.015625 0.025
4 0.6580729166666667 0.7449074074074075 0.015104166666666667 0.025
3 0.6875 0.7101851851851851 0.015104166666666667 0.025
4 0.7247395833333333 0.5958333333333333 0.015625 0.025
3 0.809375 0.6129629629629629 0.015104166666666667 0.024074074074074074
4 0.7794270833333333 0.5467592592592593 0.015625 0.025
4 0.7606770833333333 0.5 0.015104166666666667 0.025925925925925925
4 0.7950520833333333 0.26435185185185184 0.016145833333333335 0.025
0 0.6276041666666666 0.2569444444444444 0.015104166666666667 0.024074074074074074
3 0.4875 0.3902777777777778 0.014583333333333334 0.025
3 0.42109375 0.3731481481481482 0.015104166666666667 0.025
3 0.34036458333333336 0.5078703703703704 0.015625 0.023148148148148147
3 0.34791666666666665 0.3175925925925926 0.015625 0.025925925925925925
4 0.17604166666666668 0.262037037037037 0.016145833333333335 0.025
2 0.24713541666666666 0.19398148148148148 0.007291666666666667 0.011111111111111112
2 0.33177083333333335 0.19398148148148148 0.007291666666666667 0.011111111111111112
2 0.4171875 0.19398148148148148 0.007291666666666667 0.011111111111111112
2 0.5869791666666667 0.1935185185185185 0.005208333333333333 0.008333333333333333
2 0.6731770833333334 0.19398148148148148 0.005208333333333333 0.008333333333333333
2 0.7572916666666667 0.19398148148148148 0.005208333333333333 0.008333333333333333
2 0.8653645833333333 0.3699074074074074 0.008333333333333333 0.012962962962962963
2 0.8658854166666666 0.5064814814814815 0.008333333333333333 0.012962962962962963
2 0.8658854166666666 0.6393518518518518 0.008333333333333333 0.012962962962962963
2 0.7559895833333333 0.8143518518518519 0.0046875 0.007407407407407408
2 0.6713541666666667 0.8148148148148148 0.0046875 0.007407407407407408
2 0.5864583333333333 0.8152777777777778 0.0046875 0.007407407407407408
2 0.24817708333333333 0.8134259259259259 0.0046875 0.007407407407407408
2 0.3328125 0.8148148148148148 0.0046875 0.007407407407407408
2 0.41796875 0.8148148148148148 0.0046875 0.007407407407407408
2 0.13932291666666666 0.6398148148148148 0.007291666666666667 0.012037037037037037
2 0.13802083333333334 0.5060185185185185 0.007291666666666667 0.012037037037037037
2 0.13802083333333334 0.3685185185185185 0.007291666666666667 0.012037037037037037