3 0.79921875 0.48194444444444445 0.016145833333333335 0.024074074074074074
0 0.7619791666666667 0.549074074074074 0.015104166666666667 0.023148148148148147
3 0.7184895833333333 0.45925925925925926 0.015104166666666667 0.023148148148148147
4 0.70703125 0.4412037037037037 0.015104166666666667 0.024074074074074074
3 0.6544270833333333 0.33935185185185185 0.015625 0.024074074074074074
4 0.61796875 0.2851851851851852 0.015625 0.025
3 0.5260416666666666 0.7023148148148148 0.014583333333333334 0.024074074074074074
1 0.4283854166666667 0.37175925925925923 0.016145833333333335 0.025925925925925925
3 0.2984375 0.3648148148148148 0.015104166666666667 0.024074074074074074
3 0.2830729166666667 0.4777777777777778 0.016145833333333335 0.025
3 0.20598958333333334 0.612037037037037 0.015625 0.023148148148148147
2 0.5864583333333333 0.8162037037037037 0.005729166666666666 0.009259259259259259
2 0.6716145833333333 0.8148148148148148 0.005729166666666666 0.009259259259259259
2 0.7559895833333333 0.8143518518518519 0.005729166666666666 0.009259259259259259
2 0.8653645833333333 0.6407407407407407 0.0067708333333333336 0.011111111111111112
2 0.8653645833333333 0.5055555555555555 0.0067708333333333336 0.011111111111111112
2 0.8669270833333333 0.3685185185185185 0.0067708333333333336 0.011111111111111112
2 0.7583333333333333 0.19398148148148148 0.0046875 0.007407407407407408
2 0.6729166666666667 0.19444444444444445 0.0046875 0.007407407407407408
2 0.5869791666666667 0.19398148148148148 0.0046875 0.007407407407407408
2 0.41796875 0.8148148148148148 0.005208333333333333 0.008333333333333333
2 0.3328125 0.8148148148148148 0.005208333333333333 0.008333333333333333
2 0.24817708333333333 0.8138888888888889 0.005208333333333333 0.008333333333333333
2 0.13932291666666666 0.6421296296296296 0.007291666666666667 0.012037037037037037
2 0.13854166666666667 0.5060185185185185 0.007291666666666667 0.012037037037037037
2 0.13776041666666666 0.3699074074074074 0.007291666666666667 0.012037037037037037
2 0.24635416666666668 0.19490740740740742 0.0067708333333333336 0.011111111111111112
2 0.33177083333333335 0.19398148148148148 0.0067708333333333336 0.011111111111111112
2 0.41744791666666664 0.19444444444444445 0.0067708333333333336 0.011111111111111112