1 0.6861979166666666 0.6398148148148148 0.0203125 0.030555555555555555
0 0.68359375 0.6689814814814815 0.021354166666666667 0.032407407407407406
3 0.7510416666666667 0.7375 0.023958333333333335 0.03333333333333333
3 0.65390625 0.7212962962962963 0.022916666666666665 0.037037037037037035
3 0.5890625 0.7347222222222223 0.0234375 0.03888888888888889
3 0.36770833333333336 0.6949074074074074 0.021875 0.03611111111111111
3 0.3984375 0.6592592592592592 0.0203125 0.03425925925925926
3 0.4114583333333333 0.5439814814814815 0.016145833333333335 0.026851851851851852
2 0.63984375 0.8222222222222222 0.0078125 0.012037037037037037
2 0.7453125 0.7782407407407408 0.0078125 0.012037037037037037
2 0.83828125 0.7384259259259259 0.0078125 0.012037037037037037
2 0.8166666666666667 0.637962962962963 0.0078125 0.012037037037037037
2 0.7356770833333334 0.6027777777777777 0.005208333333333333 0.008333333333333333
2 0.66484375 0.5703703703703704 0.005208333333333333 0.008333333333333333
2 0.5473958333333333 0.5185185185185185 0.004166666666666667 0.006481481481481481
2 0.4981770833333333 0.49537037037037035 0.004166666666666667 0.006481481481481481
2 0.45364583333333336 0.475 0.004166666666666667 0.006481481481481481
2 0.37552083333333336 0.7935185185185185 0.008333333333333333 0.012962962962962963
2 0.3098958333333333 0.7324074074074074 0.008333333333333333 0.012962962962962963
2 0.25494791666666666 0.6824074074074075 0.008333333333333333 0.012962962962962963
2 0.16901041666666666 0.6023148148148149 0.0046875 0.007407407407407408
2 0.13359375 0.5694444444444444 0.0046875 0.007407407407407408
2 0.10260416666666666 0.5407407407407407 0.0046875 0.007407407407407408
2 0.17395833333333333 0.49074074074074076 0.005208333333333333 0.008333333333333333
2 0.24921875 0.47824074074074074 0.005208333333333333 0.008333333333333333
2 0.3203125 0.4652777777777778 0.005208333333333333 0.008333333333333333