3 0.7619791666666667 0.5638888888888889 0.015625 0.024074074074074074
4 0.81171875 0.3277777777777778 0.016145833333333335 0.025
3 0.8252604166666667 0.42962962962962964 0.015104166666666667 0.024074074074074074
3 0.7723958333333333 0.487962962962963 0.014583333333333334 0.023148148148148147
4 0.76953125 0.44166666666666665 0.015104166666666667 0.024074074074074074
4 0.7213541666666666 0.41435185185185186 0.015104166666666667 0.025
0 0.6841145833333333 0.38981481481481484 0.015625 0.024074074074074074
3 0.6338541666666667 0.7134259259259259 0.015104166666666667 0.023148148148148147
3 0.5807291666666666 0.6592592592592592 0.015104166666666667 0.024074074074074074
1 0.6369791666666667 0.4847222222222222 0.015625 0.025925925925925925
4 0.6208333333333333 0.4546296296296296 0.015625 0.024074074074074074
3 0.6244791666666667 0.4148148148148148 0.015104166666666667 0.024074074074074074
3 0.39375 0.42453703703703705 0.015625 0.025
4 0.27265625 0.3175925925925926 0.015625 0.024074074074074074
2 0.6716145833333333 0.8152777777777778 0.00625 0.010185185185185186
2 0.7557291666666667 0.8148148148148148 0.00625 0.010185185185185186
2 0.5864583333333333 0.8148148148148148 0.00625 0.010185185185185186
2 0.86484375 0.6412037037037037 0.007291666666666667 0.012037037037037037
2 0.8661458333333333 0.5055555555555555 0.007291666666666667 0.012037037037037037
2 0.8661458333333333 0.36898148148148147 0.007291666666666667 0.012037037037037037
2 0.7580729166666667 0.19398148148148148 0.005729166666666666 0.009259259259259259
2 0.67265625 0.19444444444444445 0.005729166666666666 0.009259259259259259
2 0.5869791666666667 0.19398148148148148 0.005729166666666666 0.009259259259259259
2 0.41796875 0.19398148148148148 0.005208333333333333 0.008333333333333333
2 0.33177083333333335 0.19537037037037036 0.005208333333333333 0.008333333333333333
2 0.24661458333333333 0.19444444444444445 0.005208333333333333 0.008333333333333333
2 0.41796875 0.8148148148148148 0.005729166666666666 0.009259259259259259
2 0.3328125 0.8148148148148148 0.005729166666666666 0.009259259259259259
2 0.2484375 0.8148148148148148 0.005729166666666666 0.009259259259259259
2 0.1390625 0.6416666666666667 0.007291666666666667 0.012037037037037037
2 0.13854166666666667 0.5055555555555555 0.007291666666666667 0.012037037037037037
2 0.13776041666666666 0.36944444444444446 0.007291666666666667 0.012037037037037037