4 0.7713541666666667 0.8870370370370371 0.021875 0.041666666666666664
1 0.71953125 0.8310185185185185 0.019791666666666666 0.03518518518518519
4 0.61796875 0.7458333333333333 0.016666666666666666 0.03148148148148148
4 0.50546875 0.6708333333333333 0.0140625 0.025925925925925925
4 0.4591145833333333 0.6421296296296296 0.0140625 0.025
4 0.44765625 0.8444444444444444 0.0203125 0.03796296296296296
4 0.3684895833333333 0.8439814814814814 0.020833333333333332 0.037037037037037035
4 0.29140625 0.662962962962963 0.014583333333333334 0.025925925925925925
2 0.39505208333333336 0.9939814814814815 0.011458333333333333 0.012037037037037037
2 0.33541666666666664 0.9226851851851852 0.011458333333333333 0.012962962962962963
2 0.28515625 0.8643518518518518 0.011458333333333333 0.012962962962962963
2 0.20755208333333333 0.7722222222222223 0.011458333333333333 0.012962962962962963
2 0.17630208333333333 0.7351851851851852 0.011458333333333333 0.012962962962962963
2 0.14895833333333333 0.7037037037037037 0.011458333333333333 0.012962962962962963
2 0.22109375 0.65 0.011458333333333333 0.012962962962962963
2 0.2942708333333333 0.6365740740740741 0.011458333333333333 0.012962962962962963
2 0.36354166666666665 0.6240740740740741 0.011458333333333333 0.012962962962962963
2 0.49270833333333336 0.6356481481481482 0.011458333333333333 0.012962962962962963
2 0.53515625 0.6592592592592592 0.011458333333333333 0.012962962962962963
2 0.5828125 0.6847222222222222 0.011458333333333333 0.012962962962962963
2 0.69609375 0.7462962962962963 0.011458333333333333 0.012962962962962963
2 0.7653645833333333 0.7837962962962963 0.011458333333333333 0.012962962962962963
2 0.8453125 0.8287037037037037 0.011458333333333333 0.012962962962962963
2 0.86171875 0.9449074074074074 0.011458333333333333 0.012962962962962963
2 0.7653645833333333 0.9875 0.011458333333333333 0.012962962962962963