2 0.495375 0.7071428571428572 0.004261904761904762 0.0045047619047619055
2 0.44642857142857145 0.6692428571428571 0.003860119047619048 0.004119047619047619
2 0.4030327380952381 0.6354571428571428 0.0037797619047619047 0.003990476190476191
2 0.3283869047619048 0.5770904761904763 0.00394047619047619 0.003604761904761905
2 0.29617261904761905 0.5520571428571428 0.0033779761904761904 0.0032190476190476188
2 0.2668511904761905 0.5292809523809524 0.0032976190476190475 0.003476190476190476
2 0.30063690476190474 0.4805 0.002976190476190476 0.0027047619047619047
2 0.3499851190476191 0.4640904761904762 0.003056547619047619 0.0030904761904761904
2 0.39719940476190474 0.44877619047619044 0.002574404761904762 0.0025761904761904763
2 0.4939255952380952 0.44980476190476193 0.0026547619047619046 0.0028333333333333335
2 0.5281130952380952 0.4664714285714286 0.002976190476190476 0.0032190476190476188
2 0.5653541666666666 0.4846190476190476 0.0031369047619047618 0.0032190476190476188
2 0.6496934523809523 0.525547619047619 0.003217261904761905 0.002961904761904762
2 0.6974345238095239 0.548647619047619 0.0032976190476190475 0.0033476190476190476
2 0.7501220238095238 0.5740047619047619 0.00394047619047619 0.003604761904761905
2 0.7629107142857143 0.6474904761904762 0.004261904761904762 0.004119047619047619
2 0.7091369047619047 0.6792809523809524 0.004020833333333333 0.004119047619047619
2 0.6502559523809525 0.7137714285714286 0.003860119047619048 0.004119047619047619
3 0.511702380952381 0.6736142857142857 0.01375595238095238 0.023423809523809524
3 0.7597738095238096 0.624195238095238 0.01375595238095238 0.02084761904761905
3 0.5422291666666667 0.5184666666666666 0.011101190476190475 0.018404761904761903
3 0.5040625000000001 0.5277333333333334 0.011020833333333334 0.018404761904761903
3 0.4279672619047619 0.5098476190476191 0.010375 0.01711904761904762
3 0.29637202380952377 0.5219428571428572 0.010860119047619049 0.017633333333333334
0 0.6208184523809523 0.6312761904761905 0.013675595238095238 0.02290952380952381
1 0.4708809523809524 0.5035380952380952 0.010779761904761905 0.018147619047619048
4 0.49428869047619045 0.4702047619047619 0.010458333333333333 0.0166
4 0.40894345238095237 0.4883523809523809 0.010458333333333333 0.01711904761904762
4 0.30630654761904763 0.5306285714285714 0.011583333333333334 0.01879047619047619
4 0.4648095238095238 0.6309523809523809 0.013270833333333334 0.022266666666666667
4 0.5703422619047619 0.5496761904761904 0.012145833333333335 0.019819047619047618