2 0.41982440476190475 0.8025238095238095 0.004508928571428572 0.007071428571428571
2 0.3334672619047619 0.8030285714285714 0.004419642857142857 0.006347619047619047
2 0.2475654761904762 0.8038238095238095 0.004148809523809523 0.006495238095238096
2 0.137625 0.6286428571428572 0.003967261904761905 0.006780952380952381
2 0.13767261904761904 0.49069047619047623 0.0038779761904761904 0.006495238095238096
2 0.1377172619047619 0.3535333333333333 0.0037886904761904763 0.006061904761904762
2 0.24783630952380953 0.17727142857142855 0.004148809523809523 0.006495238095238096
2 0.3336041666666667 0.17648095238095238 0.003967261904761905 0.006347619047619047
2 0.41919047619047617 0.17575714285714283 0.003967261904761905 0.006347619047619047
2 0.5899613095238095 0.1746047619047619 0.0038779761904761904 0.006347619047619047
2 0.6754136904761905 0.17431428571428573 0.0037886904761904763 0.006638095238095238
2 0.7608214285714286 0.17373809523809525 0.0034285714285714284 0.006061904761904762
2 0.8713928571428572 0.3481952380952381 0.0037886904761904763 0.006347619047619047
2 0.8722500000000001 0.4852095238095238 0.00405952380952381 0.006495238095238096
2 0.872970238095238 0.6227285714285714 0.0036964285714285714 0.006204761904761905
2 0.7637976190476191 0.799352380952381 0.004148809523809523 0.006495238095238096
2 0.6779851190476192 0.8001428571428572 0.004238095238095238 0.006638095238095238
2 0.5916309523809524 0.801152380952381 0.003967261904761905 0.006347619047619047
3 0.7211309523809524 0.7114285714285714 0.01488095238095238 0.024761904761904763
4 0.6211309523809524 0.6971428571428572 0.01488095238095238 0.02666666666666667
0 0.7387886904761904 0.4839666666666667 0.014485119047619049 0.023809523809523808
3 0.8322410714285714 0.28365238095238093 0.015276785714285713 0.02317619047619048
4 0.5595238095238095 0.3563476190476191 0.014681547619047618 0.02508095238095238
3 0.4682529761904762 0.31174761904761905 0.015476190476190477 0.026033333333333335
3 0.45366964285714284 0.3977761904761905 0.01488095238095238 0.024761904761904763
3 0.3390863095238095 0.47444285714285717 0.015080357142857144 0.023809523809523808
3 0.24494047619047618 0.7276190476190476 0.015276785714285713 0.025395238095238096
4 0.2777767857142857 0.7309523809523809 0.015476190476190477 0.02508095238095238
4 0.26160714285714287 0.4455571428571428 0.01607142857142857 0.02444285714285714
4 0.29980059523809527 0.2392047619047619 0.015872023809523808 0.026347619047619047
1 0.36428571428571427 0.3842857142857143 0.015476190476190477 0.02508095238095238