4 0.7361979166666667 0.6898148148148148 0.021875 0.03425925925925926
3 0.71015625 0.674537037037037 0.020833333333333332 0.03333333333333333
3 0.6520833333333333 0.6328703703703704 0.019270833333333334 0.03148148148148148
3 0.5994791666666667 0.600462962962963 0.017708333333333333 0.02962962962962963
3 0.48880208333333336 0.788425925925926 0.0234375 0.03981481481481482
3 0.5205729166666667 0.7097222222222223 0.021354166666666667 0.03518518518518519
4 0.40963541666666664 0.7342592592592593 0.022395833333333334 0.037037037037037035
3 0.37994791666666666 0.6805555555555556 0.020833333333333332 0.03425925925925926
1 0.4453125 0.6731481481481482 0.0203125 0.03333333333333333
0 0.3390625 0.5726851851851852 0.0171875 0.028703703703703703
4 0.49296875 0.5935185185185186 0.017708333333333333 0.02962962962962963
3 0.32890625 0.48657407407407405 0.014583333333333334 0.024074074074074074
2 0.66953125 0.8592592592592593 0.0078125 0.012962962962962963
2 0.7684895833333333 0.8074074074074075 0.0078125 0.012962962962962963
2 0.85625 0.7606481481481482 0.0078125 0.012962962962962963
2 0.83046875 0.6453703703703704 0.0067708333333333336 0.011111111111111112
2 0.7484375 0.6027777777777777 0.0067708333333333336 0.011111111111111112
2 0.6760416666666667 0.5662037037037037 0.0067708333333333336 0.011111111111111112
2 0.4083333333333333 0.8328703703703704 0.009895833333333333 0.016666666666666666
2 0.3377604166666667 0.7615740740740741 0.009895833333333333 0.016666666666666666
2 0.27786458333333336 0.7027777777777777 0.005208333333333333 0.008333333333333333
2 0.18203125 0.6101851851851852 0.0067708333333333336 0.011111111111111112
2 0.14192708333333334 0.5712962962962963 0.0067708333333333336 0.011111111111111112
2 0.10703125 0.5365740740740741 0.0067708333333333336 0.011111111111111112
2 0.17291666666666666 0.47685185185185186 0.005208333333333333 0.008333333333333333
2 0.24921875 0.4597222222222222 0.005208333333333333 0.008333333333333333
2 0.31927083333333334 0.4444444444444444 0.005208333333333333 0.008333333333333333
2 0.5546875 0.5046296296296297 0.004166666666666667 0.007407407407407408
2 0.5028645833333333 0.4777777777777778 0.004166666666666667 0.007407407407407408
2 0.45598958333333334 0.4546296296296296 0.004166666666666667 0.007407407407407408