0 0.8234375 0.6263888888888889 0.017708333333333333 0.02962962962962963
3 0.7153645833333333 0.6217592592592592 0.01875 0.02962962962962963
3 0.6236979166666666 0.55 0.015625 0.025925925925925925
4 0.6135416666666667 0.524537037037037 0.015104166666666667 0.024074074074074074
4 0.5979166666666667 0.5097222222222222 0.014583333333333334 0.024074074074074074
4 0.46901041666666665 0.6944444444444444 0.020833333333333332 0.03425925925925926
4 0.51015625 0.48194444444444445 0.013020833333333334 0.023148148148148147
4 0.31666666666666665 0.5680555555555555 0.016666666666666666 0.025
4 0.38203125 0.5564814814814815 0.016666666666666666 0.025925925925925925
3 0.3997395833333333 0.5236111111111111 0.015104166666666667 0.025925925925925925
3 0.3263020833333333 0.5185185185185185 0.015104166666666667 0.025
1 0.4466145833333333 0.4217592592592593 0.013020833333333334 0.020370370370370372
3 0.35703125 0.4305555555555556 0.011458333333333333 0.019444444444444445
3 0.33541666666666664 0.4638888888888889 0.013020833333333334 0.021296296296296296
4 0.19375 0.4601851851851852 0.0140625 0.019444444444444445
2 0.6653645833333334 0.7518518518518519 0.00625 0.009259259259259259
2 0.7536458333333333 0.7097222222222223 0.00625 0.009259259259259259
2 0.83203125 0.6736111111111112 0.00625 0.009259259259259259
2 0.8104166666666667 0.5805555555555556 0.00625 0.009259259259259259
2 0.7388020833333333 0.5449074074074074 0.0046875 0.007407407407407408
2 0.6763020833333333 0.5143518518518518 0.0046875 0.007407407407407408
2 0.571875 0.4634259259259259 0.0046875 0.007407407407407408
2 0.5278645833333333 0.44074074074074077 0.0046875 0.007407407407407408
2 0.4395833333333333 0.7240740740740741 0.00625 0.009259259259259259
2 0.37942708333333336 0.6666666666666666 0.00625 0.009259259259259259
2 0.32916666666666666 0.6189814814814815 0.00625 0.009259259259259259
2 0.25026041666666665 0.5430555555555555 0.005729166666666666 0.009259259259259259
2 0.2171875 0.5125 0.005729166666666666 0.009259259259259259
2 0.18932291666666667 0.4847222222222222 0.005729166666666666 0.009259259259259259
2 0.48854166666666665 0.4217592592592593 0.0046875 0.007407407407407408
2 0.37213541666666666 0.4134259259259259 0.0046875 0.007407407407407408
2 0.31171875 0.42407407407407405 0.003125 0.004629629629629629
2 0.24661458333333333 0.43703703703703706 0.003125 0.004629629629629629