2 0.36653571428571424 0.7339285714285714 0.00744047619047619 0.007142857142857143
2 0.29292261904761907 0.6502238095238095 0.007160714285714285 0.0063999999999999994
2 0.22805059523809523 0.5765619047619047 0.006511904761904761 0.005804761904761905
2 0.1192797619047619 0.4522333333333334 0.006044642857142857 0.005357142857142857
2 0.07296428571428572 0.3997 0.006044642857142857 0.005657142857142857
2 0.030970238095238096 0.3519333333333333 0.005767857142857142 0.004761904761904762
2 0.11923511904761905 0.2617571428571429 0.005023809523809523 0.0035714285714285713
2 0.2193065476190476 0.23586190476190477 0.004836309523809524 0.004166666666666667
2 0.3145922619047619 0.2113095238095238 0.004556547619047619 0.003276190476190476
2 0.49641964285714285 0.22351428571428572 0.005116071428571429 0.004166666666666667
2 0.5536190476190477 0.2593761904761905 0.004744047619047619 0.0038714285714285717
2 0.6163958333333334 0.29873333333333335 0.005300595238095238 0.004019047619047619
2 0.7606041666666667 0.3894333333333333 0.005952380952380952 0.004166666666666667
2 0.8445416666666666 0.44211428571428574 0.006044642857142857 0.004466666666666667
2 0.9383839285714285 0.5010428571428571 0.006604166666666667 0.004761904761904762
2 0.9285238095238095 0.6537952380952381 0.007160714285714285 0.006695238095238095
2 0.8031517857142858 0.7110095238095238 0.007532738095238095 0.007142857142857143
2 0.6675982142857143 0.7731380952380952 0.00762797619047619 0.006995238095238095
4 0.35597321428571427 0.6285714285714286 0.026997023809523808 0.044219047619047616
4 0.36224404761904766 0.4399666666666666 0.02338392857142857 0.03911428571428571
4 0.2868839285714286 0.3806142857142857 0.02189583333333333 0.03605238095238095
4 0.5081845238095238 0.33163333333333334 0.020622023809523812 0.0346952380952381
4 0.5877976190476191 0.6285714285714286 0.0280625 0.0449
4 0.7046130952380952 0.7028904761904762 0.030398809523809522 0.04523809523809524
4 0.8330148809523809 0.5971095238095239 0.027422619047619046 0.04523809523809524
3 0.7892232142857143 0.5576523809523809 0.026574404761904764 0.04251904761904762
3 0.5977886904761904 0.7489809523809523 0.030187500000000003 0.04693809523809524
3 0.26466964285714284 0.4976190476190476 0.025086309523809525 0.04081428571428571
1 0.49851190476190477 0.38775714285714286 0.022532738095238092 0.03673333333333333
0 0.6282946428571429 0.5712571428571429 0.025723214285714287 0.04387619047619048