3 0.7703125 0.6027777777777777 0.016666666666666666 0.025925925925925925
4 0.5583333333333333 0.5273148148148148 0.0140625 0.023148148148148147
4 0.3924479166666667 0.5768518518518518 0.015625 0.025
1 0.4244791666666667 0.5365740740740741 0.0140625 0.024074074074074074
3 0.4276041666666667 0.4388888888888889 0.011458333333333333 0.017592592592592594
0 0.31276041666666665 0.4759259259259259 0.0125 0.020370370370370372
2 0.6489583333333333 0.7578703703703704 0.0078125 0.012037037037037037
2 0.73359375 0.7189814814814814 0.0078125 0.012037037037037037
2 0.80859375 0.6847222222222222 0.0078125 0.012037037037037037
2 0.7997395833333333 0.586574074074074 0.005729166666666666 0.009259259259259259
2 0.7375 0.5486111111111112 0.005729166666666666 0.009259259259259259
2 0.6830729166666667 0.5162037037037037 0.005729166666666666 0.009259259259259259
2 0.4513020833333333 0.7212962962962963 0.0078125 0.012037037037037037
2 0.4036458333333333 0.6625 0.0078125 0.012037037037037037
2 0.36354166666666665 0.6125 0.0078125 0.012037037037037037
2 0.30052083333333335 0.5342592592592592 0.0078125 0.012037037037037037
2 0.275 0.5023148148148148 0.005208333333333333 0.008333333333333333
2 0.2520833333333333 0.4740740740740741 0.005208333333333333 0.008333333333333333
2 0.30572916666666666 0.4263888888888889 0.005208333333333333 0.008333333333333333
2 0.36354166666666665 0.4152777777777778 0.005208333333333333 0.008333333333333333
2 0.41822916666666665 0.4046296296296296 0.005208333333333333 0.008333333333333333
2 0.59375 0.4601851851851852 0.0046875 0.007407407407407408
2 0.5557291666666667 0.43657407407407406 0.0046875 0.007407407407407408
2 0.5213541666666667 0.4162037037037037 0.0046875 0.007407407407407408