3 0.3671875 0.6208333333333333 0.019791666666666666 0.03148148148148148
0 0.46484375 0.649074074074074 0.0203125 0.032407407407407406
3 0.51796875 0.5726851851851852 0.018229166666666668 0.02962962962962963
4 0.5859375 0.6717592592592593 0.020833333333333332 0.03425925925925926
4 0.5846354166666666 0.7444444444444445 0.022916666666666665 0.037037037037037035
4 0.8013020833333333 0.7555555555555555 0.0234375 0.03888888888888889
3 0.7231770833333333 0.5717592592592593 0.018229166666666668 0.02962962962962963
1 0.6411458333333333 0.5888888888888889 0.01875 0.030555555555555555
4 0.63828125 0.49537037037037035 0.016145833333333335 0.025925925925925925
3 0.6190104166666667 0.48055555555555557 0.015625 0.025
4 0.5083333333333333 0.5069444444444444 0.016145833333333335 0.027777777777777776
3 0.4783854166666667 0.5087962962962963 0.016145833333333335 0.026851851851851852
3 0.45338541666666665 0.5208333333333334 0.0171875 0.027777777777777776
4 0.45364583333333336 0.4898148148148148 0.016145833333333335 0.025925925925925925
3 0.3294270833333333 0.4615740740740741 0.015104166666666667 0.025
4 0.30807291666666664 0.4740740740740741 0.016145833333333335 0.025
2 0.6940104166666666 0.862037037037037 0.00625 0.010185185185185186
2 0.8080729166666667 0.8143518518518519 0.00625 0.010185185185185186
2 0.9104166666666667 0.7736111111111111 0.00625 0.010185185185185186
2 0.90859375 0.6439814814814815 0.007291666666666667 0.012037037037037037
2 0.8307291666666666 0.5902777777777778 0.007291666666666667 0.012037037037037037
2 0.7630208333333334 0.5444444444444444 0.007291666666666667 0.012037037037037037
2 0.44375 0.8027777777777778 0.010416666666666666 0.016666666666666666
2 0.38828125 0.7245370370370371 0.010416666666666666 0.016666666666666666
2 0.34322916666666664 0.6592592592592592 0.0078125 0.012037037037037037
2 0.2713541666666667 0.5560185185185185 0.0078125 0.012037037037037037
2 0.24192708333333332 0.513425925925926 0.0078125 0.012037037037037037
2 0.21614583333333334 0.47685185185185186 0.0046875 0.007407407407407408
2 0.28828125 0.41712962962962963 0.0046875 0.007407407407407408
2 0.36276041666666664 0.4041666666666667 0.0046875 0.007407407407407408
2 0.4317708333333333 0.3902777777777778 0.0046875 0.007407407407407408
2 0.6520833333333333 0.4689814814814815 0.0046875 0.007407407407407408
2 0.60546875 0.43703703703703706 0.0046875 0.007407407407407408
2 0.5635416666666667 0.4078703703703704 0.0046875 0.007407407407407408