4 0.703125 0.7027777777777777 0.019270833333333334 0.032407407407407406
4 0.5247395833333334 0.700925925925926 0.019270833333333334 0.03148148148148148
4 0.5236979166666667 0.6388888888888888 0.017708333333333333 0.02962962962962963
3 0.48151041666666666 0.5662037037037037 0.015104166666666667 0.025925925925925925
4 0.5625 0.4875 0.013541666666666667 0.022222222222222223
3 0.54609375 0.475462962962963 0.013020833333333334 0.021296296296296296
3 0.49921875 0.4925925925925926 0.013541666666666667 0.022222222222222223
4 0.45416666666666666 0.5009259259259259 0.014583333333333334 0.023148148148148147
3 0.4078125 0.513425925925926 0.0140625 0.023148148148148147
0 0.421875 0.6231481481481481 0.0171875 0.027777777777777776
3 0.33828125 0.6018518518518519 0.016666666666666666 0.027777777777777776
3 0.42916666666666664 0.5027777777777778 0.0140625 0.022222222222222223
4 0.40729166666666666 0.48703703703703705 0.013541666666666667 0.021296296296296296
4 0.2830729166666667 0.4773148148148148 0.0140625 0.022222222222222223
3 0.3015625 0.46574074074074073 0.013541666666666667 0.021296296296296296
1 0.321875 0.44814814814814813 0.011979166666666667 0.021296296296296296
2 0.6190104166666667 0.7939814814814815 0.0078125 0.012037037037037037
2 0.7106770833333333 0.7523148148148148 0.0046875 0.007407407407407408
2 0.7924479166666667 0.7134259259259259 0.005208333333333333 0.008333333333333333
2 0.7877604166666666 0.6050925925925926 0.005729166666666666 0.009259259259259259
2 0.7229166666666667 0.5634259259259259 0.005729166666666666 0.009259259259259259
2 0.66640625 0.5263888888888889 0.005729166666666666 0.009259259259259259
2 0.40859375 0.7555555555555555 0.005729166666666666 0.009259259259259259
2 0.3606770833333333 0.6907407407407408 0.005729166666666666 0.009259259259259259
2 0.31927083333333334 0.6351851851851852 0.005729166666666666 0.009259259259259259
2 0.2546875 0.5481481481481482 0.0046875 0.007407407407407408
2 0.22786458333333334 0.5125 0.0046875 0.007407407407407408
2 0.20416666666666666 0.48148148148148145 0.0046875 0.007407407407407408
2 0.26458333333333334 0.42777777777777776 0.0036458333333333334 0.006481481481481481
2 0.32786458333333335 0.4152777777777778 0.0036458333333333334 0.006481481481481481
2 0.38671875 0.4027777777777778 0.0036458333333333334 0.006481481481481481
2 0.5731770833333333 0.4648148148148148 0.004166666666666667 0.007407407407407408
2 0.5333333333333333 0.4393518518518518 0.004166666666666667 0.007407407407407408
2 0.49765625 0.41574074074074074 0.004166666666666667 0.007407407407407408