4 0.6114583333333333 0.7314814814814815 0.019270833333333334 0.032407407407407406
4 0.8979166666666667 0.638425925925926 0.018229166666666668 0.026851851851851852
4 0.8901041666666667 0.6527777777777778 0.018229166666666668 0.027777777777777776
3 0.7932291666666667 0.649074074074074 0.017708333333333333 0.026851851851851852
0 0.71875 0.6439814814814815 0.0171875 0.027777777777777776
3 0.640625 0.7101851851851851 0.018229166666666668 0.02962962962962963
4 0.57421875 0.575925925925926 0.015104166666666667 0.025
3 0.5919270833333333 0.5796296296296296 0.015104166666666667 0.024074074074074074
3 0.6528645833333333 0.562037037037037 0.015104166666666667 0.024074074074074074
3 0.6119791666666666 0.5546296296296296 0.014583333333333334 0.023148148148148147
4 0.6666666666666666 0.48657407407407405 0.013020833333333334 0.020370370370370372
3 0.6278645833333333 0.45740740740740743 0.011979166666666667 0.018518518518518517
4 0.5880208333333333 0.44537037037037036 0.011979166666666667 0.020370370370370372
4 0.5419270833333333 0.41203703703703703 0.009895833333333333 0.01574074074074074
3 0.5447916666666667 0.41805555555555557 0.010416666666666666 0.017592592592592594
1 0.3880208333333333 0.449537037037037 0.011458333333333333 0.019444444444444445
2 0.7583333333333333 0.7819444444444444 0.007291666666666667 0.012037037037037037
2 0.8421875 0.7449074074074075 0.007291666666666667 0.012037037037037037
2 0.91953125 0.7129629629629629 0.007291666666666667 0.012037037037037037
2 0.9065104166666667 0.6097222222222223 0.007291666666666667 0.012037037037037037
2 0.840625 0.5648148148148148 0.007291666666666667 0.012037037037037037
2 0.7830729166666667 0.5273148148148148 0.007291666666666667 0.012037037037037037
2 0.5580729166666667 0.7328703703703704 0.007291666666666667 0.012037037037037037
2 0.50859375 0.6717592592592593 0.007291666666666667 0.012037037037037037
2 0.46640625 0.6180555555555556 0.007291666666666667 0.012037037037037037
2 0.4010416666666667 0.5333333333333333 0.007291666666666667 0.012037037037037037
2 0.37421875 0.5018518518518519 0.007291666666666667 0.012037037037037037
2 0.4005208333333333 0.42268518518518516 0.007291666666666667 0.012037037037037037
2 0.45677083333333335 0.412962962962963 0.007291666666666667 0.012037037037037037
2 0.5098958333333333 0.40324074074074073 0.007291666666666667 0.012037037037037037
2 0.61328125 0.41759259259259257 0.007291666666666667 0.012037037037037037
2 0.6494791666666667 0.44074074074074077 0.007291666666666667 0.012037037037037037
2 0.6885416666666667 0.46620370370370373 0.007291666666666667 0.012037037037037037