4 0.815625 0.6050925925925926 0.018229166666666668 0.023148148148148147
1 0.7190104166666667 0.5833333333333334 0.0171875 0.026851851851851852
3 0.4796875 0.5824074074074074 0.0171875 0.025925925925925925
3 0.5393229166666667 0.5481481481481482 0.015625 0.025
0 0.5848958333333333 0.5921296296296297 0.0171875 0.027777777777777776
3 0.6450520833333333 0.5550925925925926 0.016145833333333335 0.025925925925925925
3 0.6010416666666667 0.49907407407407406 0.0140625 0.022222222222222223
3 0.5596354166666667 0.46435185185185185 0.013541666666666667 0.020370370370370372
3 0.41796875 0.4074074074074074 0.011458333333333333 0.018518518518518517
2 0.63515625 0.7166666666666667 0.0078125 0.012037037037037037
2 0.7200520833333334 0.6773148148148148 0.0078125 0.012037037037037037
2 0.7940104166666667 0.6444444444444445 0.0078125 0.012037037037037037
2 0.7796875 0.5550925925925926 0.005729166666666666 0.009259259259259259
2 0.71484375 0.5199074074074074 0.005729166666666666 0.009259259259259259
2 0.6578125 0.49074074074074076 0.005729166666666666 0.009259259259259259
2 0.56328125 0.44166666666666665 0.005729166666666666 0.009259259259259259
2 0.5229166666666667 0.42083333333333334 0.005729166666666666 0.009259259259259259
2 0.48776041666666664 0.4027777777777778 0.005729166666666666 0.009259259259259259
2 0.4265625 0.687037037037037 0.007291666666666667 0.012037037037037037
2 0.375 0.6328703703703704 0.007291666666666667 0.012037037037037037
2 0.33125 0.5875 0.007291666666666667 0.012037037037037037
2 0.26145833333333335 0.5162037037037037 0.007291666666666667 0.012037037037037037
2 0.23333333333333334 0.48564814814814816 0.007291666666666667 0.012037037037037037
2 0.20755208333333333 0.4601851851851852 0.007291666666666667 0.012037037037037037
2 0.2635416666666667 0.4152777777777778 0.0036458333333333334 0.006481481481481481
2 0.32395833333333335 0.4050925925925926 0.0036458333333333334 0.006481481481481481
2 0.3802083333333333 0.3939814814814815 0.0036458333333333334 0.006481481481481481