4 0.653125 0.8097222222222222 0.0234375 0.03796296296296296
4 0.7213541666666666 0.600925925925926 0.018229166666666668 0.02962962962962963
3 0.6388020833333333 0.5486111111111112 0.016666666666666666 0.025
3 0.640625 0.5731481481481482 0.016666666666666666 0.027777777777777776
4 0.6411458333333333 0.6865740740740741 0.0203125 0.032407407407407406
3 0.6174479166666667 0.7175925925925926 0.0203125 0.03425925925925926
3 0.56640625 0.8157407407407408 0.0234375 0.037037037037037035
3 0.49583333333333335 0.7097222222222223 0.0203125 0.03518518518518519
4 0.47578125 0.48009259259259257 0.015104166666666667 0.025
3 0.5442708333333334 0.524074074074074 0.015625 0.025
1 0.49661458333333336 0.5541666666666667 0.016666666666666666 0.027777777777777776
0 0.43645833333333334 0.6162037037037037 0.01875 0.02962962962962963
4 0.3020833333333333 0.6208333333333333 0.01875 0.030555555555555555
3 0.31145833333333334 0.4638888888888889 0.0140625 0.023148148148148147
2 0.68359375 0.8490740740740741 0.0067708333333333336 0.011111111111111112
2 0.7783854166666667 0.7972222222222223 0.0067708333333333336 0.011111111111111112
2 0.8625 0.750462962962963 0.0067708333333333336 0.011111111111111112
2 0.83984375 0.6328703703703704 0.0046875 0.007407407407407408
2 0.7611979166666667 0.5888888888888889 0.0046875 0.007407407407407408
2 0.6916666666666667 0.55 0.0046875 0.007407407407407408
2 0.43828125 0.8166666666666667 0.005729166666666666 0.009259259259259259
2 0.37135416666666665 0.7467592592592592 0.005729166666666666 0.009259259259259259
2 0.3143229166666667 0.6865740740740741 0.005729166666666666 0.009259259259259259
2 0.22239583333333332 0.5907407407407408 0.005208333333333333 0.008333333333333333
2 0.184375 0.5504629629629629 0.005208333333333333 0.008333333333333333
2 0.15078125 0.5148148148148148 0.005208333333333333 0.008333333333333333
2 0.2125 0.45231481481481484 0.005729166666666666 0.009259259259259259
2 0.28489583333333335 0.4356481481481482 0.005729166666666666 0.009259259259259259
2 0.3515625 0.4203703703703704 0.005729166666666666 0.009259259259259259
2 0.5765625 0.4847222222222222 0.004166666666666667 0.007407407407407408
2 0.5265625 0.4564814814814815 0.004166666666666667 0.007407407407407408
2 0.48203125 0.43194444444444446 0.004166666666666667 0.007407407407407408