4 0.3900595238095238 0.6955571428571429 0.01649404761904762 0.027695238095238092
3 0.5847351190476191 0.7264571428571428 0.016345238095238097 0.02896190476190476
1 0.5949345238095238 0.5995809523809523 0.01675 0.0281
3 0.38744345238095235 0.47127142857142856 0.01699404761904762 0.027561904761904763
3 0.568764880952381 0.4720095238095238 0.01676488095238095 0.025357142857142856
4 0.5709464285714286 0.3669142857142857 0.017913690476190475 0.028295238095238096
4 0.6573005952380953 0.40347619047619043 0.016077380952380954 0.027190476190476192
0 0.7152232142857143 0.4927714285714285 0.016904761904761905 0.02866190476190476
4 0.805514880952381 0.6323857142857143 0.01737797619047619 0.029795238095238097
3 0.8393095238095238 0.590452380952381 0.01737797619047619 0.026704761904761905
4 0.30910119047619045 0.27755238095238094 0.017848214285714287 0.02896190476190476
3 0.3708214285714286 0.32239999999999996 0.016592261904761905 0.026147619047619045
3 0.42902083333333335 0.27976190476190477 0.016342261904761905 0.026952380952380953
4 0.5150029761904762 0.3079190476190476 0.016845238095238097 0.026952380952380953
3 0.6101577380952381 0.28177619047619046 0.016089285714285716 0.026952380952380953
2 0.13782440476190475 0.3535380952380952 0.004247023809523809 0.007066666666666666
2 0.13774107142857142 0.49090476190476195 0.004755952380952381 0.006795238095238095
2 0.13748511904761904 0.6284047619047619 0.004247023809523809 0.00788095238095238
2 0.24754166666666666 0.8036809523809524 0.004247023809523809 0.007338095238095238
2 0.33356547619047616 0.8028666666666666 0.004755952380952381 0.006795238095238095
2 0.4197589285714286 0.8019142857142857 0.005264880952380953 0.008695238095238096
2 0.5918898809523809 0.8009619047619048 0.004416666666666667 0.006252380952380953
2 0.6777440476190476 0.8000142857142857 0.004586309523809524 0.006523809523809524
2 0.7634583333333332 0.7990666666666667 0.004508928571428572 0.006242857142857143
2 0.8729523809523809 0.6224666666666667 0.004485119047619048 0.007523809523809524
2 0.8721339285714286 0.4849380952380952 0.004154761904761905 0.005776190476190476
2 0.8713690476190477 0.3480238095238095 0.0039375 0.006647619047619048
2 0.760860119047619 0.17357142857142857 0.004702380952380953 0.006999999999999999
2 0.6753988095238096 0.17392380952380954 0.004812500000000001 0.006999999999999999
2 0.5899345238095238 0.17453809523809521 0.005139880952380952 0.007523809523809524
2 0.3333779761904762 0.1761095238095238 0.004264880952380952 0.006823809523809524
2 0.24764285714285716 0.17707142857142857 0.004047619047619047 0.0063