3 0.61015625 0.4912037037037037 0.014583333333333334 0.020370370370370372
4 0.6794270833333333 0.5310185185185186 0.015104166666666667 0.024074074074074074
3 0.6119791666666666 0.5106481481481482 0.0140625 0.023148148148148147
4 0.6140625 0.5962962962962963 0.0171875 0.027777777777777776
4 0.62578125 0.6907407407407408 0.019791666666666666 0.03333333333333333
3 0.5950520833333334 0.6199074074074075 0.018229166666666668 0.028703703703703703
3 0.553125 0.6958333333333333 0.019791666666666666 0.032407407407407406
3 0.5315104166666667 0.47314814814814815 0.013020833333333334 0.021296296296296296
4 0.47421875 0.44074074074074077 0.0125 0.020370370370370372
4 0.3971354166666667 0.4083333333333333 0.011458333333333333 0.017592592592592594
3 0.4895833333333333 0.6134259259259259 0.0171875 0.028703703703703703
0 0.4427083333333333 0.5430555555555555 0.015104166666666667 0.025
4 0.3307291666666667 0.5481481481481482 0.015625 0.025925925925925925
3 0.33697916666666666 0.42824074074074076 0.011979166666666667 0.018518518518518517
1 0.31796875 0.49907407407407406 0.0140625 0.023148148148148147
2 0.6515625 0.7203703703703703 0.005729166666666666 0.009259259259259259
2 0.7299479166666667 0.6782407407407407 0.005729166666666666 0.009259259259259259
2 0.7997395833333333 0.6449074074074074 0.005729166666666666 0.009259259259259259
2 0.778125 0.5537037037037037 0.0078125 0.012037037037037037
2 0.7119791666666667 0.5199074074074074 0.0078125 0.012037037037037037
2 0.6546875 0.49212962962962964 0.0078125 0.012037037037037037
2 0.5578125 0.44212962962962965 0.0078125 0.012037037037037037
2 0.5161458333333333 0.42314814814814816 0.0078125 0.012037037037037037
2 0.4796875 0.4046296296296296 0.0078125 0.012037037037037037
2 0.44505208333333335 0.6939814814814815 0.009375 0.014814814814814815
2 0.3888020833333333 0.6435185185185185 0.009375 0.014814814814814815
2 0.340625 0.5981481481481481 0.009375 0.014814814814814815
2 0.26458333333333334 0.5259259259259259 0.009375 0.014814814814814815
2 0.23203125 0.49583333333333335 0.009375 0.014814814814814815
2 0.20520833333333333 0.4685185185185185 0.009375 0.014814814814814815
2 0.25546875 0.42083333333333334 0.0036458333333333334 0.005555555555555556
2 0.31536458333333334 0.4078703703703704 0.0036458333333333334 0.005555555555555556
2 0.37083333333333335 0.3962962962962963 0.0036458333333333334 0.005555555555555556