4 0.6083333333333333 0.4361111111111111 0.013020833333333334 0.020370370370370372
4 0.7013020833333333 0.5106481481481482 0.014583333333333334 0.023148148148148147
4 0.67890625 0.5763888888888888 0.016145833333333335 0.025925925925925925
0 0.6359375 0.549074074074074 0.015625 0.025
4 0.6059895833333333 0.5726851851851852 0.016145833333333335 0.026851851851851852
4 0.5455729166666666 0.5601851851851852 0.015625 0.025925925925925925
1 0.5 0.44305555555555554 0.013020833333333334 0.020370370370370372
3 0.4984375 0.49722222222222223 0.0140625 0.023148148148148147
4 0.4596354166666667 0.4537037037037037 0.013020833333333334 0.022222222222222223
3 0.359375 0.5050925925925925 0.0140625 0.024074074074074074
3 0.35885416666666664 0.4671296296296296 0.013541666666666667 0.021296296296296296
3 0.44088541666666664 0.41574074074074074 0.011979166666666667 0.020370370370370372
3 0.3802083333333333 0.38333333333333336 0.0109375 0.014814814814814815
3 0.38229166666666664 0.39444444444444443 0.0109375 0.018518518518518517
2 0.6890625 0.6972222222222222 0.011458333333333333 0.017592592592592594
2 0.759375 0.6550925925925926 0.011458333333333333 0.017592592592592594
2 0.8236979166666667 0.6189814814814815 0.011458333333333333 0.017592592592592594
2 0.8002604166666667 0.5203703703703704 0.0109375 0.017592592592592594
2 0.7359375 0.48657407407407405 0.011458333333333333 0.017592592592592594
2 0.6796875 0.4550925925925926 0.011458333333333333 0.017592592592592594
2 0.49583333333333335 0.6759259259259259 0.011458333333333333 0.017592592592592594
2 0.43723958333333335 0.6189814814814815 0.011458333333333333 0.017592592592592594
2 0.3890625 0.5712962962962963 0.011458333333333333 0.017592592592592594
2 0.30859375 0.4930555555555556 0.005208333333333333 0.008333333333333333
2 0.275 0.4597222222222222 0.005208333333333333 0.008333333333333333
2 0.24505208333333334 0.43148148148148147 0.005208333333333333 0.008333333333333333
2 0.28958333333333336 0.3787037037037037 0.005208333333333333 0.008333333333333333
2 0.34609375 0.3638888888888889 0.005208333333333333 0.008333333333333333
2 0.5833333333333334 0.4027777777777778 0.005208333333333333 0.008333333333333333
2 0.5421875 0.3800925925925926 0.005208333333333333 0.008333333333333333
2 0.5044270833333333 0.3587962962962963 0.005208333333333333 0.008333333333333333
2 0.3984375 0.3509259259259259 0.005208333333333333 0.008333333333333333