3 0.6221354166666667 0.4046296296296296 0.017708333333333333 0.025925925925925925
4 0.6223958333333334 0.42916666666666664 0.01875 0.03148148148148148
4 0.43020833333333336 0.6370370370370371 0.022395833333333334 0.03888888888888889
3 0.41328125 0.5888888888888889 0.021354166666666667 0.03796296296296296
0 0.4088541666666667 0.6620370370370371 0.022395833333333334 0.03888888888888889
4 0.390625 0.6337962962962963 0.022395833333333334 0.03981481481481482
4 0.4158854166666667 0.6810185185185185 0.0234375 0.041666666666666664
1 0.36432291666666666 0.6217592592592592 0.022395833333333334 0.03888888888888889
2 0.3841145833333333 0.7662037037037037 0.008854166666666666 0.01574074074074074
2 0.4942708333333333 0.7666666666666667 0.008854166666666666 0.01574074074074074
2 0.6052083333333333 0.7657407407407407 0.008854166666666666 0.01574074074074074
2 0.7239583333333334 0.6731481481481482 0.013020833333333334 0.023148148148148147
2 0.7106770833333333 0.6106481481481482 0.013020833333333334 0.023148148148148147
2 0.7002604166666667 0.5518518518518518 0.013020833333333334 0.023148148148148147
2 0.68125 0.45092592592592595 0.0109375 0.019444444444444445
2 0.6734375 0.4097222222222222 0.0109375 0.019444444444444445
2 0.6661458333333333 0.36944444444444446 0.0109375 0.019444444444444445
2 0.26458333333333334 0.6759259259259259 0.009895833333333333 0.017592592592592594
2 0.27734375 0.611574074074074 0.009895833333333333 0.017592592592592594
2 0.28932291666666665 0.5527777777777778 0.009895833333333333 0.017592592592592594
2 0.3098958333333333 0.4546296296296296 0.009895833333333333 0.017592592592592594
2 0.3184895833333333 0.4115740740740741 0.009895833333333333 0.017592592592592594
2 0.32760416666666664 0.3712962962962963 0.009895833333333333 0.017592592592592594
2 0.4239583333333333 0.3277777777777778 0.0046875 0.008333333333333333
2 0.49635416666666665 0.32685185185185184 0.0046875 0.008333333333333333
2 0.5684895833333333 0.32592592592592595 0.0046875 0.008333333333333333