3 0.621875 0.4046296296296296 0.017708333333333333 0.025925925925925925
4 0.6221354166666667 0.42916666666666664 0.018229166666666668 0.032407407407407406
4 0.66171875 0.5504629629629629 0.021354166666666667 0.03611111111111111
3 0.5174479166666667 0.6416666666666667 0.022916666666666665 0.03888888888888889
1 0.446875 0.6231481481481481 0.022395833333333334 0.03518518518518519
0 0.41770833333333335 0.6458333333333334 0.022395833333333334 0.03611111111111111
4 0.45208333333333334 0.6444444444444445 0.022916666666666665 0.040740740740740744
3 0.41302083333333334 0.5884259259259259 0.021354166666666667 0.03796296296296296
4 0.3893229166666667 0.6347222222222222 0.022395833333333334 0.040740740740740744
4 0.4161458333333333 0.6819444444444445 0.022916666666666665 0.040740740740740744
4 0.49713541666666666 0.7171296296296297 0.0234375 0.04351851851851852
2 0.38359375 0.7648148148148148 0.007291666666666667 0.012962962962962963
2 0.4942708333333333 0.7662037037037037 0.007291666666666667 0.012962962962962963
2 0.6046875 0.762962962962963 0.007291666666666667 0.012962962962962963
2 0.7221354166666667 0.6736111111111112 0.009895833333333333 0.017592592592592594
2 0.7109375 0.6083333333333333 0.009895833333333333 0.017592592592592594
2 0.6997395833333333 0.5523148148148148 0.009895833333333333 0.017592592592592594
2 0.6815104166666667 0.45185185185185184 0.007291666666666667 0.012962962962962963
2 0.6739583333333333 0.4078703703703704 0.007291666666666667 0.012962962962962963
2 0.6666666666666666 0.36944444444444446 0.007291666666666667 0.012962962962962963
2 0.2643229166666667 0.6754629629629629 0.009375 0.016666666666666666
2 0.278125 0.6125 0.009375 0.016666666666666666
2 0.28932291666666665 0.5532407407407407 0.009375 0.016666666666666666
2 0.31015625 0.4537037037037037 0.009375 0.016666666666666666
2 0.31927083333333334 0.412962962962963 0.009375 0.016666666666666666
2 0.3265625 0.3736111111111111 0.0067708333333333336 0.012037037037037037
2 0.4239583333333333 0.3277777777777778 0.005729166666666666 0.010185185185185186
2 0.49661458333333336 0.32685185185185184 0.005729166666666666 0.010185185185185186
2 0.5682291666666667 0.32592592592592595 0.005729166666666666 0.010185185185185186