1 0.6200520833333333 0.6222222222222222 0.013541666666666667 0.023148148148148147
3 0.6028645833333334 0.5449074074074074 0.0109375 0.017592592592592594
3 0.5184895833333333 0.549537037037037 0.010416666666666666 0.017592592592592594
0 0.5020833333333333 0.5625 0.009375 0.019444444444444445
3 0.49609375 0.5666666666666667 0.011458333333333333 0.020370370370370372
4 0.3971354166666667 0.6856481481481481 0.015625 0.023148148148148147
2 0.44895833333333335 0.7032407407407407 0.0046875 0.008333333333333333
2 0.5192708333333333 0.7023148148148148 0.0046875 0.008333333333333333
2 0.66328125 0.6638888888888889 0.0067708333333333336 0.012037037037037037
2 0.6541666666666667 0.6388888888888888 0.0067708333333333336 0.012037037037037037
2 0.64609375 0.6157407407407407 0.0067708333333333336 0.012037037037037037
2 0.6325520833333333 0.5773148148148148 0.005208333333333333 0.009259259259259259
2 0.6268229166666667 0.5597222222222222 0.005208333333333333 0.009259259259259259
2 0.6213541666666667 0.5453703703703704 0.005208333333333333 0.009259259259259259
2 0.3734375 0.6657407407407407 0.008333333333333333 0.014814814814814815
2 0.3815104166666667 0.6407407407407407 0.008333333333333333 0.014814814814814815
2 0.3885416666666667 0.6171296296296296 0.008333333333333333 0.014814814814814815
2 0.4010416666666667 0.5791666666666667 0.005208333333333333 0.009259259259259259
2 0.40598958333333335 0.5615740740740741 0.005208333333333333 0.009259259259259259
2 0.41041666666666665 0.5472222222222223 0.005208333333333333 0.009259259259259259
2 0.4703125 0.5282407407407408 0.004166666666666667 0.007407407407407408
2 0.5151041666666667 0.5291666666666667 0.004166666666666667 0.007407407407407408
2 0.5596354166666667 0.5287037037037037 0.004166666666666667 0.007407407407407408