4 0.5984375 0.6777777777777778 0.025 0.04351851851851852
3 0.5197916666666667 0.5273148148148148 0.022916666666666665 0.040740740740740744
3 0.60546875 0.40185185185185185 0.020833333333333332 0.037037037037037035
4 0.57734375 0.2074074074074074 0.019270833333333334 0.032407407407407406
0 0.4393229166666667 0.24027777777777778 0.01875 0.03425925925925926
1 0.36276041666666664 0.5976851851851852 0.023958333333333335 0.04259259259259259
4 0.36354166666666665 0.7268518518518519 0.025 0.046296296296296294
4 0.2520833333333333 0.749537037037037 0.025520833333333333 0.03888888888888889
2 0.18984375 0.6671296296296296 0.007291666666666667 0.012962962962962963
2 0.20546875 0.5787037037037037 0.007291666666666667 0.012962962962962963
2 0.21901041666666668 0.5 0.007291666666666667 0.012962962962962963
2 0.24375 0.36203703703703705 0.007291666666666667 0.012962962962962963
2 0.25390625 0.30092592592592593 0.007291666666666667 0.012962962962962963
2 0.2638020833333333 0.2439814814814815 0.007291666666666667 0.012962962962962963
2 0.4046875 0.1787037037037037 0.007291666666666667 0.012962962962962963
2 0.5059895833333333 0.17916666666666667 0.007291666666666667 0.012962962962962963
2 0.6072916666666667 0.18009259259259258 0.007291666666666667 0.012962962962962963
2 0.74765625 0.24722222222222223 0.007291666666666667 0.012962962962962963
2 0.7575520833333333 0.30416666666666664 0.007291666666666667 0.012962962962962963
2 0.76796875 0.36527777777777776 0.007291666666666667 0.012962962962962963
2 0.7903645833333334 0.5037037037037037 0.007291666666666667 0.012962962962962963
2 0.8036458333333333 0.5833333333333334 0.007291666666666667 0.012962962962962963
2 0.8177083333333334 0.6699074074074074 0.007291666666666667 0.012962962962962963
2 0.6497395833333334 0.7944444444444444 0.007291666666666667 0.012962962962962963
2 0.5026041666666666 0.7930555555555555 0.007291666666666667 0.012962962962962963
2 0.35546875 0.7925925925925926 0.007291666666666667 0.012962962962962963