3 0.23590178571428572 0.5117190476190475 0.018104166666666668 0.029323809523809523
3 0.2721071428571428 0.5092142857142856 0.01944345238095238 0.03075238095238095
3 0.3499970238095238 0.41606190476190474 0.015645833333333335 0.02539047619047619
3 0.439172619047619 0.4672 0.018327380952380953 0.02968095238095238
4 0.3447440476190476 0.5381809523809524 0.01944345238095238 0.03218571428571429
1 0.3588244047619048 0.4747095238095238 0.018550595238095238 0.02968095238095238
3 0.4766071428571429 0.6433142857142857 0.02257440476190476 0.03719047619047619
3 0.5077857142857143 0.7604285714285715 0.025032738095238094 0.039695238095238096
3 0.5746130952380952 0.6762142857142857 0.025032738095238094 0.036476190476190475
4 0.6181934523809525 0.7262761904761905 0.022797619047619046 0.040766666666666666
4 0.5537142857142857 0.5676857142857143 0.020785714285714286 0.032542857142857144
4 0.7534107142857143 0.6304428571428572 0.02324404761904762 0.0379047619047619
4 0.7196607142857143 0.5417571428571429 0.019666666666666666 0.0329
0 0.6944077380952381 0.5290619047619047 0.02011607142857143 0.03325714285714286
4 0.48007142857142854 0.44431428571428566 0.01743154761904762 0.02968095238095238
2 0.32838095238095233 0.39537619047619044 0.004419642857142857 0.004219047619047619
2 0.2531964285714286 0.4186285714285714 0.004419642857142857 0.00409047619047619
2 0.17324107142857142 0.44417619047619045 0.004961309523809524 0.00409047619047619
2 0.11801190476190476 0.5195190476190477 0.00550297619047619 0.004714285714285714
2 0.16591666666666668 0.5552380952380952 0.00550297619047619 0.0054571428571428575
2 0.21808035714285715 0.5943666666666667 0.0058125 0.005333333333333333
2 0.3381875 0.6845285714285714 0.005889880952380952 0.005333333333333333
2 0.40891666666666665 0.7372380952380952 0.005967261904761905 0.0068190476190476195
2 0.48782440476190475 0.7959619047619048 0.006744047619047619 0.005704761904761905
2 0.7383452380952381 0.8065666666666667 0.007363095238095238 0.008061904761904761
2 0.8329494047619048 0.7521809523809524 0.006821428571428572 0.0064476190476190475
2 0.9193392857142857 0.7028857142857142 0.006898809523809524 0.005828571428571429
2 0.8975565476190476 0.5888476190476191 0.005657738095238096 0.004714285714285714
2 0.8123720238095239 0.5493476190476191 0.005657738095238096 0.003842857142857143
2 0.7343154761904762 0.5130714285714286 0.005657738095238096 0.004466666666666667
2 0.5992261904761905 0.45056666666666667 0.0054375 0.004895238095238095
2 0.5393035714285714 0.422652380952381 0.004642857142857143 0.004347619047619048
2 0.48397023809523815 0.3967809523809524 0.004642857142857143 0.003533333333333333