0 0.554610119047619 0.6481428571428571 0.01988988095238095 0.03325714285714286
3 0.5886934523809524 0.6331238095238095 0.019666666666666666 0.033971428571428576
3 0.6209880952380953 0.6406333333333333 0.020339285714285716 0.032542857142857144
3 0.683342261904762 0.5832380952380952 0.018997023809523807 0.029323809523809523
3 0.5068928571428571 0.49098095238095235 0.016092261904761904 0.026461904761904763
1 0.5762886904761905 0.5324619047619048 0.018104166666666668 0.029323809523809523
4 0.4595208333333333 0.5566809523809524 0.017083333333333332 0.030566666666666666
4 0.43518154761904765 0.5585904761904762 0.01800297619047619 0.0291
3 0.2705892857142857 0.5766666666666667 0.019473214285714288 0.03233333333333334
3 0.18939285714285714 0.4413190476190476 0.016898809523809524 0.024395238095238095
3 0.409922619047619 0.4433761904761905 0.013776785714285714 0.022633333333333335
4 0.38209226190476187 0.4009047619047619 0.014696428571428572 0.025276190476190476
2 0.6254464285714286 0.8117619047619048 0.0061964285714285715 0.007019047619047619
2 0.7203720238095238 0.7584857142857142 0.006839285714285714 0.007847619047619048
2 0.8042648809523809 0.711504761904762 0.007616071428571429 0.007642857142857143
2 0.7856130952380952 0.5945190476190476 0.005419642857142857 0.0074333333333333335
2 0.711014880952381 0.5518761904761905 0.005419642857142857 0.007642857142857143
2 0.5328422619047619 0.45089999999999997 0.004776785714285714 0.005576190476190477
2 0.4846369047619048 0.42374285714285714 0.005163690476190476 0.005780952380952381
2 0.4413988095238095 0.398552380952381 0.003613095238095238 0.005371428571428571
2 0.31211607142857145 0.3892666666666667 0.005622023809523809 0.004933333333333333
2 0.24510416666666665 0.40522380952380954 0.004532738095238096 0.005804761904761905
2 0.17346726190476192 0.42183809523809523 0.004895833333333333 0.005076190476190476
2 0.10967559523809524 0.48523809523809525 0.005169642857142857 0.004785714285714286
2 0.14186607142857144 0.5201333333333333 0.005532738095238095 0.006385714285714285
2 0.17841071428571428 0.5590904761904761 0.005351190476190476 0.005657142857142857
2 0.2660982142857143 0.6545571428571428 0.006619047619047618 0.0073999999999999995
2 0.3208214285714286 0.7131714285714286 0.006166666666666667 0.005947619047619048
2 0.3846607142857143 0.7823761904761904 0.006166666666666667 0.007690476190476189