4 0.5981770833333333 0.6777777777777778 0.023958333333333335 0.04537037037037037
1 0.55546875 0.4875 0.021875 0.040740740740740744
3 0.60546875 0.40185185185185185 0.020833333333333332 0.037037037037037035
4 0.5776041666666667 0.20879629629629629 0.01875 0.03425925925925926
0 0.4393229166666667 0.2412037037037037 0.01875 0.03425925925925926
4 0.36328125 0.7282407407407407 0.026041666666666668 0.04722222222222222
4 0.2515625 0.7486111111111111 0.025520833333333333 0.03981481481481482
2 0.19036458333333334 0.6662037037037037 0.007291666666666667 0.012962962962962963
2 0.20520833333333333 0.5796296296296296 0.007291666666666667 0.012962962962962963
2 0.21953125 0.49953703703703706 0.007291666666666667 0.012962962962962963
2 0.24296875 0.36203703703703705 0.007291666666666667 0.012962962962962963
2 0.25416666666666665 0.30092592592592593 0.007291666666666667 0.012962962962962963
2 0.2635416666666667 0.24444444444444444 0.007291666666666667 0.012962962962962963
2 0.4049479166666667 0.1787037037037037 0.007291666666666667 0.012962962962962963
2 0.50625 0.1787037037037037 0.007291666666666667 0.012962962962962963
2 0.60703125 0.17962962962962964 0.007291666666666667 0.012962962962962963
2 0.7481770833333333 0.24675925925925926 0.007291666666666667 0.012962962962962963
2 0.7572916666666667 0.30416666666666664 0.007291666666666667 0.012962962962962963
2 0.7682291666666666 0.36527777777777776 0.007291666666666667 0.012962962962962963
2 0.790625 0.5037037037037037 0.007291666666666667 0.012962962962962963
2 0.803125 0.5828703703703704 0.007291666666666667 0.012962962962962963
2 0.8177083333333334 0.6703703703703704 0.007291666666666667 0.012962962962962963
2 0.65 0.7939814814814815 0.007291666666666667 0.012962962962962963
2 0.5028645833333333 0.7935185185185185 0.007291666666666667 0.012962962962962963
2 0.35572916666666665 0.7921296296296296 0.007291666666666667 0.012962962962962963