2 0.36560714285714285 0.7577380952380952 0.006139880952380952 0.005357142857142857
2 0.5125089285714286 0.758852380952381 0.006416666666666666 0.005804761904761905
2 0.6596458333333333 0.7599714285714286 0.006416666666666666 0.005357142857142857
2 0.8271011904761905 0.6488857142857143 0.006139880952380952 0.00490952380952381
2 0.8127797619047619 0.5703857142857143 0.005580357142857143 0.004761904761904762
2 0.7997589285714286 0.4992571428571429 0.005952380952380952 0.004761904761904762
2 0.7767380952380952 0.37448095238095236 0.005672619047619047 0.00490952380952381
2 0.7663690476190477 0.3191952380952381 0.005395833333333333 0.005357142857142857
2 0.7568363095238094 0.26800476190476186 0.005300595238095238 0.004761904761904762
2 0.6158392857142857 0.20721904761904764 0.005860119047619048 0.005209523809523809
2 0.5146011904761905 0.2064 0.005395833333333333 0.004166666666666667
2 0.4131785714285714 0.20565714285714284 0.005300595238095238 0.004166666666666667
2 0.2726934523809524 0.26525238095238096 0.005580357142857143 0.005504761904761905
2 0.26260119047619046 0.31592380952380955 0.004556547619047619 0.004466666666666667
2 0.252139880952381 0.37120476190476187 0.005208333333333333 0.00490952380952381
2 0.22791071428571427 0.49523809523809526 0.005672619047619047 0.005357142857142857
2 0.21428571428571427 0.5663666666666666 0.005767857142857142 0.005061904761904762
2 0.1995922619047619 0.6444952380952381 0.006139880952380952 0.005357142857142857
3 0.38511904761904764 0.6547619047619048 0.024404761904761905 0.040952380952380955
3 0.397172619047619 0.4830952380952381 0.021726190476190475 0.03571428571428571
3 0.36532738095238093 0.3173809523809524 0.019345238095238096 0.03190476190476191
3 0.35401785714285716 0.30428571428571427 0.019345238095238096 0.03238095238095238
3 0.3366071428571429 0.27666666666666667 0.01904761904761905 0.030476190476190476
3 0.7352678571428571 0.4311904761904762 0.020535714285714286 0.034761904761904765
4 0.6427083333333333 0.26571428571428574 0.01875 0.03238095238095238
4 0.5706845238095238 0.25333333333333335 0.018154761904761906 0.03142857142857143
4 0.6254464285714286 0.41595238095238096 0.020535714285714286 0.03571428571428571
4 0.6052083333333333 0.5726190476190476 0.022916666666666665 0.03857142857142857
4 0.7416666666666667 0.4592857142857143 0.02142857142857143 0.03666666666666667
4 0.7541666666666667 0.7028571428571428 0.025595238095238095 0.04285714285714286
0 0.5053571428571428 0.5923809523809523 0.02261904761904762 0.04
1 0.24017857142857144 0.7321428571428571 0.024404761904761905 0.029047619047619048