2 0.2467767857142857 0.19553809523809523 0.003967261904761905 0.006547619047619048
2 0.3319077380952381 0.19513809523809525 0.003845238095238095 0.006547619047619048
2 0.4171636904761905 0.19444285714285714 0.003967261904761905 0.006747619047619047
2 0.5873005952380952 0.19464285714285715 0.004217261904761905 0.006347619047619047
2 0.6725565476190476 0.19494285714285714 0.0035952380952380954 0.006152380952380953
2 0.7578125 0.19533809523809523 0.003967261904761905 0.006547619047619048
2 0.8660714285714286 0.37023809523809526 0.003967261904761905 0.007142857142857143
2 0.8655744047619047 0.506447619047619 0.003720238095238095 0.006942857142857143
2 0.8650803571428571 0.6422619047619048 0.003967261904761905 0.007142857142857143
2 0.7559523809523809 0.8150809523809525 0.003720238095238095 0.006347619047619047
2 0.6712559523809524 0.8156761904761906 0.003967261904761905 0.006347619047619047
2 0.5866190476190476 0.8158714285714286 0.003845238095238095 0.006347619047619047
2 0.4177827380952381 0.8153761904761905 0.003967261904761905 0.006547619047619048
2 0.33296130952380953 0.8150809523809525 0.003967261904761905 0.006747619047619047
2 0.24838690476190478 0.8149809523809524 0.003967261904761905 0.006547619047619048
3 0.19804166666666664 0.731052380952381 0.01612202380952381 0.02400952380952381
3 0.20535714285714285 0.4043952380952381 0.014651785714285713 0.024176190476190476
3 0.17090178571428571 0.2782047619047619 0.01625595238095238 0.024542857142857144
3 0.349014880952381 0.3410238095238095 0.013505952380952382 0.02344285714285714
3 0.5647886904761905 0.2987190476190476 0.01511011904761905 0.025276190476190476
3 0.6763958333333333 0.3434047619047619 0.01488095238095238 0.024542857142857144
3 0.6808601190476191 0.7069619047619047 0.016026785714285716 0.025642857142857144
4 0.19528273809523808 0.27216190476190477 0.01648214285714286 0.025642857142857144
4 0.3982380952380952 0.7509142857142858 0.015797619047619046 0.024909523809523812
4 0.4254821428571428 0.7340666666666666 0.01488095238095238 0.025642857142857144
4 0.5391488095238095 0.6884619047619047 0.01511011904761905 0.024542857142857144
4 0.6903630952380952 0.5426761904761904 0.015797619047619046 0.025276190476190476
4 0.7385535714285714 0.4600714285714286 0.016026785714285716 0.026371428571428573
4 0.5380029761904762 0.38241904761904766 0.015568452380952382 0.025642857142857144
0 0.6388511904761904 0.4893761904761905 0.015797619047619046 0.024909523809523812
1 0.39812202380952383 0.7087904761904762 0.016026785714285716 0.026371428571428573
2 0.13779761904761906 0.37023809523809526 0.004166666666666667 0.006666666666666667
2 0.13833630952380951 0.5065000000000001 0.004005952380952381 0.006042857142857142
2 0.1389642857142857 0.6422142857142857 0.003892857142857143 0.00640952380952381