3 0.26230654761904765 0.7002857142857143 0.02533630952380952 0.04313809523809524
4 0.33773214285714287 0.5989428571428571 0.02556845238095238 0.041280952380952377
1 0.3544672619047619 0.5662190476190476 0.025104166666666664 0.042023809523809526
0 0.5128065476190476 0.6032523809523809 0.02593452380952381 0.03935714285714286
3 0.5098065476190476 0.7242952380952381 0.026172619047619045 0.027204761904761905
4 0.573139880952381 0.6419142857142857 0.025982142857142856 0.04096190476190476
4 0.6940714285714286 0.7114571428571428 0.025601190476190475 0.04493333333333333
4 0.556985119047619 0.4851095238095238 0.02086607142857143 0.037809523809523814
4 0.6940000000000001 0.4257761904761905 0.022375000000000003 0.035800000000000005
4 0.30889583333333337 0.31785714285714284 0.019648809523809523 0.035242857142857145
2 0.36376785714285714 0.7568333333333332 0.006839285714285714 0.007019047619047619
2 0.5105773809523809 0.7581761904761906 0.0064523809523809525 0.00599047619047619
2 0.6577113095238095 0.7592095238095238 0.007226190476190476 0.007228571428571429
2 0.8250416666666667 0.6481095238095238 0.007616071428571429 0.00599047619047619
2 0.8108452380952381 0.570152380952381 0.006583333333333333 0.005780952380952381
2 0.7976220238095239 0.4982380952380952 0.0063750000000000005 0.005333333333333333
2 0.7749642857142858 0.3734047619047619 0.006178571428571429 0.005490476190476191
2 0.7644702380952381 0.3183238095238095 0.0063750000000000005 0.004866666666666667
2 0.754907738095238 0.26666666666666666 0.0060803571428571426 0.006490476190476191
2 0.6143065476190477 0.20637142857142857 0.005874999999999999 0.0055000000000000005
2 0.5127083333333333 0.20583809523809524 0.005541666666666667 0.0051428571428571435
2 0.41133035714285715 0.2051285714285714 0.006318452380952381 0.004080952380952381
2 0.2703779761904762 0.26463333333333333 0.006428571428571429 0.006738095238095238
2 0.26078869047619047 0.3152761904761905 0.0049880952380952385 0.0051428571428571435
2 0.2498690476190476 0.3701714285714286 0.005098214285714286 0.005319047619047619
2 0.2263125 0.4948619047619048 0.006318452380952381 0.006738095238095238
2 0.2121220238095238 0.5658095238095239 0.006541666666666667 0.007095238095238095
2 0.19754464285714285 0.6437619047619048 0.005985119047619047 0.005852380952380952