4 0.47930357142857144 0.29829047619047616 0.016053571428571427 0.026580952380952382
4 0.5604672619047619 0.45669523809523804 0.016720238095238094 0.027642857142857143
0 0.6996160714285714 0.5038428571428571 0.015678571428571427 0.02449047619047619
4 0.7418005952380952 0.4450047619047619 0.01680059523809524 0.026880952380952384
3 0.8297976190476191 0.5069333333333333 0.015642857142857142 0.02405714285714286
3 0.7995446428571428 0.7431714285714286 0.016574404761904762 0.025528571428571428
4 0.6960505952380952 0.6826285714285715 0.01595833333333333 0.026404761904761907
1 0.6593720238095238 0.6698619047619048 0.01731845238095238 0.026404761904761907
4 0.8092708333333334 0.33184285714285716 0.017145833333333332 0.027176190476190475
4 0.32435119047619043 0.7563857142857143 0.015217261904761905 0.02434761904761905
2 0.2481964285714286 0.814752380952381 0.004651785714285714 0.006323809523809523
2 0.3333035714285715 0.8151857142857143 0.004497023809523809 0.006942857142857143
2 0.4176577380952381 0.8154523809523809 0.00430654761904762 0.0067857142857142855
2 0.5865833333333333 0.8155047619047618 0.004107142857142857 0.007528571428571429
2 0.6711934523809524 0.8152904761904761 0.0047708333333333335 0.007738095238095238
2 0.7559732142857143 0.8145523809523809 0.004571428571428571 0.007738095238095238
2 0.8649672619047619 0.6419095238095238 0.004175595238095238 0.006995238095238095
2 0.8655952380952381 0.5060523809523809 0.0047708333333333335 0.0071047619047619045
2 0.8661249999999999 0.3703047619047619 0.004372023809523809 0.007419047619047619
2 0.757827380952381 0.1954095238095238 0.004458333333333333 0.007338095238095238
2 0.6728065476190477 0.19484761904761905 0.004523809523809524 0.007033333333333333
2 0.5873095238095237 0.19454285714285716 0.005032738095238095 0.008052380952380953
2 0.41742559523809525 0.19433809523809525 0.004714285714285714 0.007642857142857143
2 0.33189583333333333 0.19474761904761906 0.003886904761904762 0.00621904761904762
2 0.24671726190476193 0.19525714285714288 0.004267857142857143 0.007033333333333333
2 0.13780357142857141 0.37022857142857146 0.004586309523809524 0.006728571428571429
2 0.13834523809523808 0.5064142857142857 0.003886904761904762 0.006728571428571429
2 0.13904761904761903 0.6417857142857143 0.004523809523809524 0.007542857142857143