3 0.8239583333333333 0.6277777777777778 0.015104166666666667 0.025925925925925925
3 0.8098958333333334 0.3333333333333333 0.015625 0.027777777777777776
3 0.5533854166666666 0.4638888888888889 0.015625 0.025925925925925925
0 0.5557291666666667 0.49537037037037035 0.014583333333333334 0.027777777777777776
1 0.51640625 0.5476851851851852 0.016145833333333335 0.027777777777777776
3 0.4010416666666667 0.5231481481481481 0.015104166666666667 0.028703703703703703
3 0.34427083333333336 0.42083333333333334 0.015625 0.026851851851851852
4 0.36015625 0.3699074074074074 0.016145833333333335 0.025925925925925925
3 0.3567708333333333 0.2375 0.015625 0.025925925925925925
4 0.28880208333333335 0.22314814814814815 0.015104166666666667 0.027777777777777776
3 0.24869791666666666 0.6648148148148149 0.015625 0.027777777777777776
2 0.13854166666666667 0.6569444444444444 0.007291666666666667 0.012962962962962963
2 0.13880208333333333 0.5064814814814815 0.007291666666666667 0.012962962962962963
2 0.13828125 0.3560185185185185 0.007291666666666667 0.012962962962962963
2 0.24661458333333333 0.16064814814814815 0.007291666666666667 0.012962962962962963
2 0.33151041666666664 0.16018518518518518 0.007291666666666667 0.012962962962962963
2 0.41744791666666664 0.1597222222222222 0.007291666666666667 0.012962962962962963
2 0.5869791666666667 0.16018518518518518 0.007291666666666667 0.012962962962962963
2 0.67265625 0.16018518518518518 0.007291666666666667 0.012962962962962963
2 0.7580729166666667 0.16111111111111112 0.007291666666666667 0.012962962962962963
2 0.8658854166666666 0.35509259259259257 0.007291666666666667 0.012962962962962963
2 0.8653645833333333 0.5064814814814815 0.007291666666666667 0.012962962962962963
2 0.8653645833333333 0.6574074074074074 0.007291666666666667 0.012962962962962963
2 0.75546875 0.850462962962963 0.007291666666666667 0.012962962962962963
2 0.67109375 0.8495370370370371 0.007291666666666667 0.012962962962962963
2 0.5864583333333333 0.850462962962963 0.007291666666666667 0.012962962962962963
2 0.41770833333333335 0.85 0.007291666666666667 0.012962962962962963
2 0.33307291666666666 0.8490740740740741 0.007291666666666667 0.012962962962962963
2 0.24791666666666667 0.8490740740740741 0.007291666666666667 0.012962962962962963