1 0.3111994047619048 0.39553809523809524 0.01525297619047619 0.024404761904761905
4 0.4652172619047619 0.43154761904761907 0.01525297619047619 0.025
4 0.4600089285714286 0.481847619047619 0.014508928571428572 0.024404761904761905
4 0.5842648809523809 0.5270857142857144 0.014508928571428572 0.024404761904761905
3 0.5836309523809524 0.5835714285714285 0.014285714285714285 0.024285714285714285
3 0.5889880952380953 0.74 0.01488095238095238 0.023809523809523808
3 0.7007440476190476 0.6780952380952381 0.013988095238095239 0.023809523809523808
0 0.6724702380952381 0.4961904761904762 0.013988095238095239 0.023809523809523808
4 0.3168154761904762 0.6826190476190476 0.015773809523809523 0.025238095238095237
4 0.32529761904761906 0.7064285714285714 0.01488095238095238 0.024285714285714285
4 0.6931547619047619 0.24761904761904763 0.01488095238095238 0.025714285714285714
3 0.7019345238095238 0.370952380952381 0.013988095238095239 0.023809523809523808
4 0.6180059523809524 0.2966666666666667 0.013988095238095239 0.024761904761904763
3 0.6007440476190476 0.33690476190476193 0.013988095238095239 0.024285714285714285
3 0.7824910714285714 0.3361095238095238 0.013889880952380952 0.023014285714285713
2 0.24679464285714287 0.1954190476190476 0.003663690476190476 0.005495238095238095
2 0.3319940476190476 0.1951190476190476 0.0035714285714285713 0.005952380952380952
2 0.4171875 0.1944047619047619 0.003720238095238095 0.005952380952380952
2 0.5874255952380952 0.19464285714285715 0.0040178571428571425 0.005952380952380952
2 0.6726934523809524 0.19523809523809524 0.0034226190476190476 0.005714285714285714
2 0.7578125 0.19523809523809524 0.003720238095238095 0.005714285714285714
2 0.8659970238095238 0.3703571428571429 0.0034226190476190476 0.0054761904761904765
2 0.8656994047619048 0.506547619047619 0.003720238095238095 0.005952380952380952
2 0.8650297619047619 0.6423809523809524 0.0035714285714285713 0.006190476190476191
2 0.7558779761904761 0.8151190476190476 0.0040178571428571425 0.0064285714285714285
2 0.6712797619047619 0.8154761904761905 0.003869047619047619 0.006190476190476191
2 0.5866071428571429 0.815952380952381 0.0035714285714285713 0.005714285714285714
2 0.41770833333333335 0.815595238095238 0.003869047619047619 0.0064285714285714285
2 0.33303571428571427 0.8152380952380952 0.003869047619047619 0.006190476190476191
2 0.24828869047619048 0.815 0.0040178571428571425 0.006666666666666667
2 0.13891369047619048 0.6422619047619048 0.004315476190476191 0.0064285714285714285
2 0.1384672619047619 0.5063095238095238 0.004315476190476191 0.006904761904761905
2 0.13794642857142858 0.3701190476190476 0.003869047619047619 0.006904761904761905