2 0.3359553571428571 0.4667047619047619 0.0034434523809523812 0.0034095238095238098
2 0.3960714285714286 0.45380476190476193 0.0034434523809523812 0.0029714285714285715
2 0.5101220238095238 0.46696666666666664 0.003660714285714286 0.003761904761904762
2 0.5469553571428571 0.4919285714285714 0.0039880952380952385 0.003495238095238095
2 0.5881904761904762 0.5202142857142857 0.0034970238095238097 0.0032333333333333333
2 0.6848898809523809 0.5857952380952381 0.004208333333333334 0.003933333333333333
2 0.7434464285714286 0.6254047619047619 0.004699404761904761 0.003933333333333333
2 0.8100386904761905 0.6708714285714286 0.005300595238095238 0.004457142857142857
2 0.8163482142857142 0.7864238095238095 0.005574404761904762 0.005419047619047619
2 0.7333928571428571 0.8272142857142858 0.005901785714285714 0.006380952380952381
2 0.6408422619047619 0.8727714285714285 0.006175595238095238 0.00690952380952381
2 0.42601785714285717 0.8305380952380953 0.006392857142857143 0.006380952380952381
2 0.3756577380952381 0.7617666666666667 0.005136904761904763 0.006119047619047619
2 0.3328690476190476 0.7034 0.005136904761904763 0.005333333333333333
2 0.26439285714285715 0.6101047619047619 0.004589285714285714 0.0048095238095238095
2 0.23704166666666668 0.5715857142857143 0.004318452380952381 0.004023809523809523
2 0.21228571428571427 0.5375285714285714 0.004318452380952381 0.003761904761904762
4 0.3599464285714286 0.48578095238095237 0.011866071428571427 0.02036190476190476
4 0.3059732142857143 0.5160904761904762 0.012294642857142858 0.0215047619047619
4 0.30382738095238093 0.5673333333333334 0.014011904761904762 0.022876190476190477
4 0.2868839285714286 0.5737380952380952 0.01386904761904762 0.023790476190476192
4 0.6729940476190477 0.6269285714285714 0.015726190476190477 0.02630952380952381
4 0.6663452380952382 0.6926952380952381 0.018157738095238095 0.030195238095238094
4 0.6461160714285714 0.7067666666666667 0.017157738095238094 0.030880952380952377
3 0.4170654761904762 0.7270095238095238 0.017729166666666667 0.030652380952380955
3 0.6942261904761905 0.7282714285714286 0.01787202380952381 0.030880952380952377
3 0.5122172619047619 0.49458571428571435 0.013011904761904761 0.021961904761904762
3 0.48326488095238096 0.5443428571428571 0.01286904761904762 0.02264761904761905
3 0.4496636904761904 0.4801761904761905 0.012008928571428571 0.019671428571428572
3 0.3194821428571429 0.5569238095238095 0.013011904761904761 0.02356190476190476
3 0.26801190476190473 0.5704238095238096 0.014440476190476191 0.02356190476190476
0 0.5941636904761906 0.6997238095238095 0.017151785714285717 0.030366666666666667
1 0.8013333333333333 0.739652380952381 0.01813690476190476 0.0314952380952381