3 0.8247395833333333 0.6703703703703704 0.0171875 0.02962962962962963
1 0.7502604166666667 0.5027777777777778 0.016145833333333335 0.02962962962962963
0 0.6692708333333334 0.38796296296296295 0.015625 0.027777777777777776
4 0.5661458333333333 0.32222222222222224 0.015625 0.027777777777777776
2 0.24661458333333333 0.16203703703703703 0.007291666666666667 0.012962962962962963
2 0.33203125 0.16064814814814815 0.007291666666666667 0.012962962962962963
2 0.4171875 0.16018518518518518 0.007291666666666667 0.012962962962962963
2 0.58671875 0.16018518518518518 0.007291666666666667 0.012962962962962963
2 0.67265625 0.16064814814814815 0.007291666666666667 0.012962962962962963
2 0.7575520833333333 0.16111111111111112 0.007291666666666667 0.012962962962962963
2 0.865625 0.35509259259259257 0.007291666666666667 0.012962962962962963
2 0.865625 0.5069444444444444 0.007291666666666667 0.012962962962962963
2 0.86484375 0.6578703703703703 0.007291666666666667 0.012962962962962963
2 0.7559895833333333 0.85 0.007291666666666667 0.012962962962962963
2 0.67109375 0.85 0.007291666666666667 0.012962962962962963
2 0.5861979166666667 0.850462962962963 0.007291666666666667 0.012962962962962963
2 0.41744791666666664 0.8495370370370371 0.007291666666666667 0.012962962962962963
2 0.3328125 0.8495370370370371 0.007291666666666667 0.012962962962962963
2 0.24791666666666667 0.8495370370370371 0.007291666666666667 0.012962962962962963
2 0.13880208333333333 0.6574074074074074 0.007291666666666667 0.012962962962962963
2 0.13828125 0.5055555555555555 0.007291666666666667 0.012962962962962963
2 0.13776041666666666 0.35509259259259257 0.007291666666666667 0.012962962962962963