4 0.6518229166666667 0.7125 0.023958333333333335 0.04259259259259259
0 0.37005208333333334 0.5231481481481481 0.0234375 0.041666666666666664
1 0.22161458333333334 0.5375 0.024479166666666666 0.041666666666666664
3 0.16588541666666667 0.5615740740740741 0.024479166666666666 0.040740740740740744
3 0.13125 0.5254629629629629 0.025 0.04259259259259259
3 0.10651041666666666 0.3861111111111111 0.024479166666666666 0.041666666666666664
2 0.06432291666666666 0.687037037037037 0.007291666666666667 0.012962962962962963
2 0.06588541666666667 0.5 0.007291666666666667 0.012962962962962963
2 0.06692708333333333 0.31296296296296294 0.007291666666666667 0.012962962962962963
2 0.19505208333333332 0.0875 0.007291666666666667 0.012962962962962963
2 0.2989583333333333 0.08888888888888889 0.007291666666666667 0.012962962962962963
2 0.40260416666666665 0.08981481481481482 0.007291666666666667 0.012962962962962963
2 0.6104166666666667 0.08703703703703704 0.007291666666666667 0.012962962962962963
2 0.7140625 0.08657407407407407 0.007291666666666667 0.012962962962962963
2 0.8184895833333333 0.08472222222222223 0.007291666666666667 0.012962962962962963
2 0.9486979166666667 0.3125 0.007291666666666667 0.012962962962962963
2 0.9497395833333333 0.49953703703703706 0.007291666666666667 0.012962962962962963
2 0.95078125 0.6865740740740741 0.007291666666666667 0.012962962962962963
2 0.8213541666666667 0.9162037037037037 0.007291666666666667 0.012962962962962963
2 0.7153645833333333 0.9166666666666666 0.007291666666666667 0.012962962962962963
2 0.6111979166666667 0.9143518518518519 0.007291666666666667 0.012962962962962963
2 0.40208333333333335 0.9157407407407407 0.007291666666666667 0.012962962962962963
2 0.2986979166666667 0.9166666666666666 0.007291666666666667 0.012962962962962963
2 0.19296875 0.9166666666666666 0.007291666666666667 0.012962962962962963