3 0.68671875 0.3597222222222222 0.0203125 0.03611111111111111
3 0.5388020833333333 0.25972222222222224 0.018229166666666668 0.03148148148148148
4 0.5479166666666667 0.2726851851851852 0.0203125 0.03425925925925926
3 0.38958333333333334 0.26157407407407407 0.019270833333333334 0.03518518518518519
1 0.4005208333333333 0.39351851851851855 0.021354166666666667 0.03796296296296296
3 0.40598958333333335 0.45 0.021875 0.03796296296296296
3 0.353125 0.4759259259259259 0.022395833333333334 0.03888888888888889
4 0.715625 0.46435185185185185 0.022395833333333334 0.03888888888888889
0 0.6692708333333334 0.5106481481481482 0.022916666666666665 0.03796296296296296
4 0.4041666666666667 0.5523148148148148 0.022916666666666665 0.040740740740740744
4 0.33880208333333334 0.5453703703703704 0.022395833333333334 0.041666666666666664
3 0.31328125 0.5574074074074075 0.0234375 0.03981481481481482
4 0.6036458333333333 0.6398148148148148 0.023958333333333335 0.044444444444444446
4 0.4817708333333333 0.7287037037037037 0.026041666666666668 0.046296296296296294
3 0.3575520833333333 0.7481481481481481 0.024479166666666666 0.04259259259259259
4 0.3026041666666667 0.6884259259259259 0.023958333333333335 0.044444444444444446
2 0.19036458333333334 0.6666666666666666 0.007291666666666667 0.012962962962962963
2 0.20572916666666666 0.5787037037037037 0.007291666666666667 0.012962962962962963
2 0.21927083333333333 0.500462962962963 0.007291666666666667 0.012962962962962963
2 0.24348958333333334 0.36203703703703705 0.007291666666666667 0.012962962962962963
2 0.25390625 0.30092592592592593 0.007291666666666667 0.012962962962962963
2 0.2640625 0.24444444444444444 0.007291666666666667 0.012962962962962963
2 0.4046875 0.17824074074074073 0.007291666666666667 0.012962962962962963
2 0.5059895833333333 0.1787037037037037 0.007291666666666667 0.012962962962962963
2 0.6072916666666667 0.17962962962962964 0.007291666666666667 0.012962962962962963
2 0.7479166666666667 0.24675925925925926 0.007291666666666667 0.012962962962962963
2 0.7578125 0.30462962962962964 0.007291666666666667 0.012962962962962963
2 0.76796875 0.36574074074074076 0.007291666666666667 0.012962962962962963
2 0.790625 0.5041666666666667 0.007291666666666667 0.012962962962962963
2 0.8033854166666666 0.5819444444444445 0.007291666666666667 0.012962962962962963
2 0.8177083333333334 0.6703703703703704 0.007291666666666667 0.012962962962962963
2 0.6497395833333334 0.7944444444444444 0.007291666666666667 0.012962962962962963
2 0.5028645833333333 0.7925925925925926 0.007291666666666667 0.012962962962962963
2 0.35572916666666665 0.7921296296296296 0.007291666666666667 0.012962962962962963