4 0.8171875 0.7717592592592593 0.015625 0.027777777777777776
1 0.8197916666666667 0.6972222222222222 0.016666666666666666 0.027777777777777776
3 0.8182291666666667 0.6592592592592592 0.015625 0.026851851851851852
4 0.7989583333333333 0.5287037037037037 0.016145833333333335 0.027777777777777776
4 0.7184895833333333 0.39490740740740743 0.015625 0.027777777777777776
4 0.6276041666666666 0.6768518518518518 0.015104166666666667 0.026851851851851852
4 0.6309895833333333 0.625 0.015625 0.027777777777777776
0 0.58515625 0.30694444444444446 0.015625 0.026851851851851852
4 0.5309895833333333 0.24444444444444444 0.015104166666666667 0.027777777777777776
3 0.39869791666666665 0.26666666666666666 0.015104166666666667 0.027777777777777776
4 0.2747395833333333 0.44722222222222224 0.015625 0.028703703703703703
2 0.13854166666666667 0.6569444444444444 0.007291666666666667 0.012962962962962963
2 0.13880208333333333 0.5069444444444444 0.007291666666666667 0.012962962962962963
2 0.13776041666666666 0.35462962962962963 0.007291666666666667 0.012962962962962963
2 0.246875 0.16064814814814815 0.007291666666666667 0.012962962962962963
2 0.33203125 0.16064814814814815 0.007291666666666667 0.012962962962962963
2 0.4171875 0.16018518518518518 0.007291666666666667 0.012962962962962963
2 0.5875 0.1597222222222222 0.007291666666666667 0.012962962962962963
2 0.6731770833333334 0.16018518518518518 0.007291666666666667 0.012962962962962963
2 0.7580729166666667 0.16018518518518518 0.007291666666666667 0.012962962962962963
2 0.86640625 0.35509259259259257 0.007291666666666667 0.012962962962962963
2 0.8658854166666666 0.5069444444444444 0.007291666666666667 0.012962962962962963
2 0.86484375 0.6569444444444444 0.007291666666666667 0.012962962962962963
2 0.7559895833333333 0.8490740740740741 0.007291666666666667 0.012962962962962963
2 0.67109375 0.8495370370370371 0.007291666666666667 0.012962962962962963
2 0.5864583333333333 0.85 0.007291666666666667 0.012962962962962963
2 0.41744791666666664 0.85 0.007291666666666667 0.012962962962962963
2 0.3328125 0.850462962962963 0.007291666666666667 0.012962962962962963
2 0.24817708333333333 0.8490740740740741 0.007291666666666667 0.012962962962962963