1 0.4080729166666667 0.5407407407407407 0.013020833333333334 0.022222222222222223
0 0.5651041666666666 0.6402777777777777 0.015625 0.02962962962962963
3 0.51015625 0.662962962962963 0.015625 0.030555555555555555
3 0.5052083333333334 0.6763888888888889 0.0171875 0.03148148148148148
3 0.4859375 0.6833333333333333 0.0171875 0.032407407407407406
2 0.31927083333333334 0.674537037037037 0.007291666666666667 0.009259259259259259
2 0.32890625 0.6462962962962963 0.007291666666666667 0.009259259259259259
2 0.3375 0.6217592592592592 0.007291666666666667 0.009259259259259259
2 0.35130208333333335 0.5787037037037037 0.007291666666666667 0.009259259259259259
2 0.3578125 0.5597222222222222 0.007291666666666667 0.009259259259259259
2 0.36432291666666666 0.5435185185185185 0.007291666666666667 0.009259259259259259
2 0.43723958333333335 0.5236111111111111 0.007291666666666667 0.009259259259259259
2 0.4908854166666667 0.5226851851851851 0.007291666666666667 0.009259259259259259
2 0.54453125 0.5217592592592593 0.007291666666666667 0.009259259259259259
2 0.6174479166666667 0.5398148148148149 0.007291666666666667 0.009259259259259259
2 0.6231770833333333 0.5569444444444445 0.007291666666666667 0.009259259259259259
2 0.6294270833333333 0.5745370370370371 0.007291666666666667 0.009259259259259259
2 0.6447916666666667 0.6171296296296296 0.007291666666666667 0.009259259259259259
2 0.6536458333333334 0.6421296296296296 0.007291666666666667 0.009259259259259259
2 0.6643229166666667 0.6699074074074074 0.007291666666666667 0.009259259259259259
2 0.57578125 0.7087962962962963 0.007291666666666667 0.009259259259259259
2 0.4921875 0.7106481481481481 0.007291666666666667 0.009259259259259259
2 0.4088541666666667 0.7125 0.007291666666666667 0.009259259259259259