2 0.40495833333333336 0.2116190476190476 0.004985119047619047 0.004876190476190477
2 0.5061458333333334 0.21206190476190476 0.0052976190476190475 0.0044714285714285715
2 0.6077767857142857 0.21266666666666667 0.0056458333333333326 0.0051238095238095235
2 0.7482589285714286 0.2731095238095238 0.005705357142857143 0.005495238095238095
2 0.7577172619047619 0.3240523809523809 0.0056458333333333326 0.005680952380952381
2 0.7681369047619048 0.3793761904761905 0.006345238095238096 0.005495238095238095
2 0.7909255952380954 0.5044047619047619 0.006636904761904762 0.006519047619047619
2 0.8035565476190476 0.5755571428571429 0.006285714285714286 0.006333333333333334
2 0.818110119047619 0.6539761904761904 0.006869047619047618 0.006704761904761905
2 0.6502380952380953 0.7653142857142857 0.006401785714285715 0.006614285714285715
2 0.503264880952381 0.764195238095238 0.006517857142857142 0.006052380952380953
2 0.3563184523809524 0.7635 0.006693452380952381 0.006704761904761905
2 0.19045535714285713 0.6504809523809524 0.006517857142857142 0.006052380952380953
2 0.20538690476190477 0.5718809523809524 0.006925595238095238 0.006052380952380953
2 0.21923809523809523 0.5008666666666667 0.00587797619047619 0.005776190476190476
2 0.2433095238095238 0.37667142857142855 0.0059375 0.005866666666666667
2 0.2539613095238095 0.3217238095238095 0.005238095238095239 0.005680952380952381
2 0.2639732142857143 0.27092380952380957 0.005470238095238095 0.005776190476190476
4 0.40733630952380956 0.27255238095238093 0.018654761904761903 0.031204761904761905
4 0.34162499999999996 0.3393 0.019842261904761904 0.03445714285714286
4 0.3156785714285715 0.3413333333333333 0.019163690476190477 0.03364285714285715
4 0.5180744047619048 0.24799523809523807 0.018654761904761903 0.03147619047619047
4 0.7175029761904762 0.5491761904761905 0.0230625 0.03907142857142857
4 0.568610119047619 0.6242 0.023741071428571427 0.04042857142857143
3 0.5967619047619047 0.6636761904761905 0.02475892857142857 0.03907142857142857
3 0.37274107142857144 0.3306190476190476 0.01933333333333333 0.03229047619047619
3 0.2967708333333333 0.33116190476190477 0.020351190476190474 0.031747619047619045
3 0.2888839285714286 0.5559571428571428 0.023571428571428573 0.038528571428571426
3 0.5939583333333334 0.37276190476190474 0.01949404761904762 0.03324761904761905
3 0.6486964285714285 0.2707904761904762 0.017568452380952383 0.03221904761904762
3 0.7079315476190476 0.2817571428571429 0.01906547619047619 0.030847619047619047
1 0.7042886904761905 0.31894761904761904 0.01906547619047619 0.031876190476190475
0 0.5166220238095238 0.5957380952380952 0.022922619047619046 0.03770476190476191