3 0.23148809523809522 0.3226952380952381 0.015842261904761904 0.024038095238095237
3 0.24945238095238095 0.24861904761904763 0.017473214285714286 0.029004761904761905
1 0.3112648809523809 0.25933333333333336 0.016657738095238094 0.029004761904761905
3 0.397 0.40016666666666667 0.01730952380952381 0.027957142857142857
4 0.19221428571428573 0.4900523809523809 0.01763690476190476 0.025347619047619046
4 0.23687797619047618 0.6316714285714286 0.016166666666666666 0.026914285714285717
3 0.33404464285714286 0.6678619047619048 0.016166666666666666 0.023514285714285717
4 0.347110119047619 0.7048333333333334 0.017145833333333332 0.025347619047619046
4 0.3501309523809524 0.7369714285714286 0.01763690476190476 0.026914285714285717
3 0.3347797619047619 0.7616666666666667 0.015678571428571427 0.026128571428571428
4 0.6307083333333333 0.27981904761904763 0.01743154761904762 0.026104761904761905
3 0.7575446428571428 0.41463333333333335 0.015422619047619048 0.02539047619047619
4 0.7148571428571429 0.4409142857142857 0.016761904761904763 0.027176190476190475
0 0.6846845238095238 0.4925904761904762 0.015422619047619048 0.02681904761904762
3 0.6411011904761904 0.732 0.015422619047619048 0.025033333333333335
2 0.24838988095238096 0.8149714285714286 0.004898809523809524 0.008885714285714285
2 0.33306547619047616 0.8149714285714286 0.0037559523809523807 0.006795238095238095
2 0.41757440476190477 0.8148761904761905 0.0052589285714285715 0.007980952380952382
2 0.5865565476190476 0.8152380952380952 0.0049880952380952385 0.007542857142857143
2 0.67125 0.8146571428571429 0.005351190476190476 0.007252380952380953
2 0.7556726190476191 0.8146571428571429 0.005351190476190476 0.008123809523809523
2 0.8652559523809524 0.6417142857142857 0.004895833333333333 0.008995238095238096
2 0.8654375 0.5059857142857143 0.005077380952380952 0.008271428571428572
2 0.8660744047619048 0.36975238095238094 0.005077380952380952 0.008271428571428572
2 0.7577113095238095 0.1949952380952381 0.004895833333333333 0.008414285714285714
2 0.6727470238095238 0.19456190476190474 0.0052589285714285715 0.008123809523809523
2 0.5872827380952381 0.1942714285714286 0.004443452380952381 0.007252380952380953
2 0.4172142857142857 0.19405238095238095 0.004532738095238096 0.007980952380952382
2 0.3318839285714286 0.19463333333333335 0.004714285714285714 0.007980952380952382
2 0.24691964285714285 0.19528571428571428 0.004895833333333333 0.008414285714285714
2 0.13783035714285716 0.3695333333333333 0.004895833333333333 0.006961904761904761
2 0.1384672619047619 0.5054809523809524 0.004532738095238096 0.007833333333333333
2 0.13878273809523808 0.6415714285714286 0.005169642857142857 0.009285714285714286