0 0.5848958333333333 0.30787037037037035 0.015625 0.026851851851851852
4 0.5463541666666667 0.5032407407407408 0.015625 0.027777777777777776
1 0.5653645833333333 0.674074074074074 0.016145833333333335 0.027777777777777776
3 0.24921875 0.5532407407407407 0.015625 0.026851851851851852
2 0.13880208333333333 0.6569444444444444 0.007291666666666667 0.012962962962962963
2 0.13828125 0.5069444444444444 0.007291666666666667 0.012962962962962963
2 0.13776041666666666 0.35555555555555557 0.007291666666666667 0.012962962962962963
2 0.24661458333333333 0.16111111111111112 0.007291666666666667 0.012962962962962963
2 0.33203125 0.16018518518518518 0.007291666666666667 0.012962962962962963
2 0.41744791666666664 0.1597222222222222 0.007291666666666667 0.012962962962962963
2 0.5877604166666667 0.16064814814814815 0.007291666666666667 0.012962962962962963
2 0.6723958333333333 0.16064814814814815 0.007291666666666667 0.012962962962962963
2 0.7580729166666667 0.16111111111111112 0.007291666666666667 0.012962962962962963
2 0.86640625 0.35555555555555557 0.007291666666666667 0.012962962962962963
2 0.865625 0.5064814814814815 0.007291666666666667 0.012962962962962963
2 0.8653645833333333 0.6578703703703703 0.007291666666666667 0.012962962962962963
2 0.7559895833333333 0.8495370370370371 0.007291666666666667 0.012962962962962963
2 0.67109375 0.8495370370370371 0.007291666666666667 0.012962962962962963
2 0.5861979166666667 0.85 0.007291666666666667 0.012962962962962963
2 0.41770833333333335 0.85 0.007291666666666667 0.012962962962962963
2 0.3328125 0.8490740740740741 0.007291666666666667 0.012962962962962963
2 0.24791666666666667 0.8481481481481481 0.007291666666666667 0.012962962962962963