3 0.7140625 0.5337962962962963 0.015104166666666667 0.027777777777777776
4 0.6953125 0.524537037037037 0.015625 0.026851851851851852
3 0.6799479166666667 0.5703703703703704 0.016145833333333335 0.027777777777777776
3 0.7013020833333333 0.6675925925925926 0.015625 0.025925925925925925
4 0.6502604166666667 0.7532407407407408 0.015625 0.026851851851851852
4 0.6205729166666667 0.7851851851851852 0.015625 0.027777777777777776
4 0.5671875 0.34675925925925927 0.014583333333333334 0.028703703703703703
3 0.5338541666666666 0.39537037037037037 0.015104166666666667 0.026851851851851852
4 0.51953125 0.7305555555555555 0.015104166666666667 0.026851851851851852
1 0.4471354166666667 0.7699074074074074 0.015625 0.028703703703703703
0 0.35833333333333334 0.6861111111111111 0.015625 0.026851851851851852
3 0.25078125 0.32731481481481484 0.015625 0.026851851851851852
3 0.23776041666666667 0.5050925925925925 0.015625 0.025925925925925925
4 0.23307291666666666 0.7129629629629629 0.016145833333333335 0.027777777777777776
2 0.13854166666666667 0.6569444444444444 0.007291666666666667 0.012962962962962963
2 0.13802083333333334 0.5064814814814815 0.007291666666666667 0.012962962962962963
2 0.13802083333333334 0.3541666666666667 0.007291666666666667 0.012962962962962963
2 0.24713541666666666 0.16064814814814815 0.007291666666666667 0.012962962962962963
2 0.33203125 0.16018518518518518 0.007291666666666667 0.012962962962962963
2 0.4171875 0.1597222222222222 0.007291666666666667 0.012962962962962963
2 0.5875 0.1597222222222222 0.007291666666666667 0.012962962962962963
2 0.6723958333333333 0.16018518518518518 0.007291666666666667 0.012962962962962963
2 0.7575520833333333 0.16111111111111112 0.007291666666666667 0.012962962962962963
2 0.865625 0.35555555555555557 0.007291666666666667 0.012962962962962963
2 0.8653645833333333 0.5064814814814815 0.007291666666666667 0.012962962962962963
2 0.86484375 0.6574074074074074 0.007291666666666667 0.012962962962962963
2 0.7559895833333333 0.8490740740740741 0.007291666666666667 0.012962962962962963
2 0.6713541666666667 0.85 0.007291666666666667 0.012962962962962963
2 0.5859375 0.850462962962963 0.007291666666666667 0.012962962962962963
2 0.41744791666666664 0.85 0.007291666666666667 0.012962962962962963
2 0.3328125 0.85 0.007291666666666667 0.012962962962962963
2 0.2484375 0.8490740740740741 0.007291666666666667 0.012962962962962963