3 0.8361979166666667 0.5796296296296296 0.025520833333333333 0.04259259259259259
1 0.8536458333333333 0.39305555555555555 0.024479166666666666 0.04259259259259259
3 0.7072916666666667 0.2310185185185185 0.025520833333333333 0.04259259259259259
4 0.5861979166666667 0.17777777777777778 0.024479166666666666 0.04537037037037037
4 0.41692708333333334 0.7930555555555555 0.026041666666666668 0.04259259259259259
4 0.4075520833333333 0.7328703703703704 0.023958333333333335 0.04259259259259259
0 0.15234375 0.4666666666666667 0.024479166666666666 0.040740740740740744
2 0.06380208333333333 0.6893518518518519 0.007291666666666667 0.012962962962962963
2 0.06458333333333334 0.5018518518518519 0.007291666666666667 0.012962962962962963
2 0.06588541666666667 0.31666666666666665 0.007291666666666667 0.012962962962962963
2 0.19375 0.08796296296296297 0.007291666666666667 0.012962962962962963
2 0.29791666666666666 0.08888888888888889 0.007291666666666667 0.012962962962962963
2 0.40234375 0.08888888888888889 0.007291666666666667 0.012962962962962963
2 0.6091145833333333 0.08611111111111111 0.007291666666666667 0.012962962962962963
2 0.71328125 0.08564814814814815 0.007291666666666667 0.012962962962962963
2 0.8182291666666667 0.08425925925925926 0.007291666666666667 0.012962962962962963
2 0.9489583333333333 0.31203703703703706 0.007291666666666667 0.012962962962962963
2 0.9502604166666667 0.5 0.007291666666666667 0.012962962962962963
2 0.9505208333333334 0.6861111111111111 0.007291666666666667 0.012962962962962963
2 0.8213541666666667 0.9152777777777777 0.007291666666666667 0.012962962962962963
2 0.7161458333333334 0.9152777777777777 0.007291666666666667 0.012962962962962963
2 0.6111979166666667 0.9152777777777777 0.007291666666666667 0.012962962962962963
2 0.40260416666666665 0.9157407407407407 0.007291666666666667 0.012962962962962963
2 0.2981770833333333 0.9180555555555555 0.007291666666666667 0.012962962962962963
2 0.19296875 0.9175925925925926 0.007291666666666667 0.012962962962962963