3 0.15625 0.19583333333333333 0.025520833333333333 0.04259259259259259
1 0.15703125 0.26944444444444443 0.023958333333333335 0.04351851851851852
0 0.125 0.7263888888888889 0.025520833333333333 0.04259259259259259
2 0.0640625 0.687037037037037 0.007291666666666667 0.012962962962962963
2 0.065625 0.49907407407407406 0.007291666666666667 0.012962962962962963
2 0.06692708333333333 0.31574074074074077 0.007291666666666667 0.012962962962962963
2 0.19505208333333332 0.0875 0.007291666666666667 0.012962962962962963
2 0.2986979166666667 0.08842592592592592 0.007291666666666667 0.012962962962962963
2 0.40260416666666665 0.08935185185185185 0.007291666666666667 0.012962962962962963
2 0.61015625 0.08703703703703704 0.007291666666666667 0.012962962962962963
2 0.7135416666666666 0.08657407407407407 0.007291666666666667 0.012962962962962963
2 0.8184895833333333 0.08518518518518518 0.007291666666666667 0.012962962962962963
2 0.9497395833333333 0.3148148148148148 0.007291666666666667 0.012962962962962963
2 0.95 0.49953703703703706 0.007291666666666667 0.012962962962962963
2 0.9510416666666667 0.687037037037037 0.007291666666666667 0.012962962962962963
2 0.8208333333333333 0.9171296296296296 0.007291666666666667 0.012962962962962963
2 0.7151041666666667 0.9148148148148149 0.007291666666666667 0.012962962962962963
2 0.6109375 0.9143518518518519 0.007291666666666667 0.012962962962962963
2 0.40260416666666665 0.9171296296296296 0.007291666666666667 0.012962962962962963
2 0.2984375 0.9175925925925926 0.007291666666666667 0.012962962962962963
2 0.19296875 0.9175925925925926 0.007291666666666667 0.012962962962962963