1 0.8716145833333333 0.5222222222222223 0.025520833333333333 0.04259259259259259
3 0.8497395833333333 0.2800925925925926 0.025 0.04259259259259259
3 0.828125 0.5032407407407408 0.024479166666666666 0.041666666666666664
0 0.45260416666666664 0.43472222222222223 0.025520833333333333 0.040740740740740744
3 0.20052083333333334 0.8018518518518518 0.025 0.040740740740740744
3 0.18802083333333333 0.5509259259259259 0.024479166666666666 0.041666666666666664
3 0.12083333333333333 0.37453703703703706 0.024479166666666666 0.041666666666666664
2 0.06432291666666666 0.687037037037037 0.007291666666666667 0.012962962962962963
2 0.06432291666666666 0.687037037037037 0.007291666666666667 0.012962962962962963
2 0.065625 0.49907407407407406 0.007291666666666667 0.012962962962962963
2 0.06614583333333333 0.31296296296296294 0.007291666666666667 0.012962962962962963
2 0.19479166666666667 0.0875 0.007291666666666667 0.012962962962962963
2 0.2989583333333333 0.08981481481481482 0.007291666666666667 0.012962962962962963
2 0.40234375 0.08981481481481482 0.007291666666666667 0.012962962962962963
2 0.61015625 0.08703703703703704 0.007291666666666667 0.012962962962962963
2 0.7140625 0.08657407407407407 0.007291666666666667 0.012962962962962963
2 0.81875 0.08564814814814815 0.007291666666666667 0.012962962962962963
2 0.9489583333333333 0.31342592592592594 0.007291666666666667 0.012962962962962963
2 0.95078125 0.49953703703703706 0.007291666666666667 0.012962962962962963
2 0.95078125 0.687962962962963 0.007291666666666667 0.012962962962962963
2 0.8205729166666667 0.9157407407407407 0.007291666666666667 0.012962962962962963
2 0.71484375 0.9152777777777777 0.007291666666666667 0.012962962962962963
2 0.6114583333333333 0.9152777777777777 0.007291666666666667 0.012962962962962963
2 0.40208333333333335 0.9148148148148149 0.007291666666666667 0.012962962962962963
2 0.2981770833333333 0.9162037037037037 0.007291666666666667 0.012962962962962963
2 0.19322916666666667 0.9171296296296296 0.007291666666666667 0.012962962962962963