3 0.4588541666666667 0.43796296296296294 0.008854166666666666 0.017592592592592594
1 0.5244791666666667 0.4777777777777778 0.011458333333333333 0.020370370370370372
0 0.5994791666666667 0.5092592592592593 0.0109375 0.020370370370370372
3 0.57265625 0.5504629629629629 0.013020833333333334 0.023148148148148147
4 0.5315104166666667 0.537962962962963 0.0125 0.022222222222222223
3 0.45416666666666666 0.4949074074074074 0.011979166666666667 0.020370370370370372
4 0.43723958333333335 0.49907407407407406 0.011458333333333333 0.020370370370370372
4 0.4231770833333333 0.5342592592592592 0.0125 0.021296296296296296
2 0.3809895833333333 0.5587962962962963 0.007291666666666667 0.009259259259259259
2 0.38645833333333335 0.5361111111111111 0.007291666666666667 0.009259259259259259
2 0.39140625 0.5162037037037037 0.007291666666666667 0.009259259259259259
2 0.39895833333333336 0.4777777777777778 0.007291666666666667 0.009259259259259259
2 0.40286458333333336 0.46064814814814814 0.007291666666666667 0.009259259259259259
2 0.40651041666666665 0.4444444444444444 0.007291666666666667 0.009259259259259259
2 0.46432291666666664 0.42685185185185187 0.007291666666666667 0.009259259259259259
2 0.5078125 0.42777777777777776 0.007291666666666667 0.009259259259259259
2 0.5513020833333333 0.42777777777777776 0.007291666666666667 0.009259259259259259
2 0.609375 0.44722222222222224 0.007291666666666667 0.009259259259259259
2 0.6125 0.4638888888888889 0.007291666666666667 0.009259259259259259
2 0.6153645833333333 0.48055555555555557 0.007291666666666667 0.009259259259259259
2 0.62265625 0.5185185185185185 0.007291666666666667 0.009259259259259259
2 0.6265625 0.5398148148148149 0.007291666666666667 0.009259259259259259
2 0.6307291666666667 0.5615740740740741 0.007291666666666667 0.009259259259259259
2 0.5645833333333333 0.5912037037037037 0.007291666666666667 0.009259259259259259
2 0.5057291666666667 0.5902777777777778 0.007291666666666667 0.009259259259259259
2 0.4473958333333333 0.5893518518518519 0.007291666666666667 0.009259259259259259