3 0.8278645833333333 0.5037037037037037 0.024479166666666666 0.04259259259259259
0 0.7322916666666667 0.39861111111111114 0.025520833333333333 0.04259259259259259
3 0.28854166666666664 0.8435185185185186 0.024479166666666666 0.041666666666666664
1 0.15026041666666667 0.41898148148148145 0.024479166666666666 0.04351851851851852
3 0.14817708333333332 0.5731481481481482 0.024479166666666666 0.040740740740740744
3 0.10807291666666667 0.3194444444444444 0.025 0.04259259259259259
2 0.06380208333333333 0.687037037037037 0.007291666666666667 0.012962962962962963
2 0.065625 0.5 0.007291666666666667 0.012962962962962963
2 0.06588541666666667 0.31203703703703706 0.007291666666666667 0.012962962962962963
2 0.19557291666666668 0.08703703703703704 0.007291666666666667 0.012962962962962963
2 0.2989583333333333 0.08703703703703704 0.007291666666666667 0.012962962962962963
2 0.40208333333333335 0.08935185185185185 0.007291666666666667 0.012962962962962963
2 0.6109375 0.08657407407407407 0.007291666666666667 0.012962962962962963
2 0.7143229166666667 0.08657407407407407 0.007291666666666667 0.012962962962962963
2 0.8184895833333333 0.08564814814814815 0.007291666666666667 0.012962962962962963
2 0.9497395833333333 0.31574074074074077 0.007291666666666667 0.012962962962962963
2 0.95 0.5009259259259259 0.007291666666666667 0.012962962962962963
2 0.95 0.6856481481481481 0.007291666666666667 0.012962962962962963
2 0.8213541666666667 0.9166666666666666 0.007291666666666667 0.012962962962962963
2 0.715625 0.9162037037037037 0.007291666666666667 0.012962962962962963
2 0.6109375 0.9148148148148149 0.007291666666666667 0.012962962962962963
2 0.40182291666666664 0.9157407407407407 0.007291666666666667 0.012962962962962963
2 0.29739583333333336 0.9162037037037037 0.007291666666666667 0.012962962962962963
2 0.19296875 0.9166666666666666 0.007291666666666667 0.012962962962962963