1 0.7479166666666667 0.36712962962962964 0.023958333333333335 0.04351851851851852
0 0.7205729166666667 0.32083333333333336 0.023958333333333335 0.04259259259259259
3 0.4583333333333333 0.7967592592592593 0.023958333333333335 0.041666666666666664
3 0.18072916666666666 0.5527777777777778 0.025 0.041666666666666664
3 0.10807291666666667 0.3199074074074074 0.025 0.041666666666666664
2 0.06380208333333333 0.6851851851851852 0.007291666666666667 0.012962962962962963
2 0.06484375 0.500462962962963 0.007291666666666667 0.012962962962962963
2 0.0671875 0.31203703703703706 0.007291666666666667 0.012962962962962963
2 0.1953125 0.08888888888888889 0.007291666666666667 0.012962962962962963
2 0.2984375 0.08888888888888889 0.007291666666666667 0.012962962962962963
2 0.403125 0.08842592592592592 0.007291666666666667 0.012962962962962963
2 0.61015625 0.08657407407407407 0.007291666666666667 0.012962962962962963
2 0.7135416666666666 0.08657407407407407 0.007291666666666667 0.012962962962962963
2 0.81796875 0.08518518518518518 0.007291666666666667 0.012962962962962963
2 0.9502604166666667 0.31574074074074077 0.007291666666666667 0.012962962962962963
2 0.9494791666666667 0.5 0.007291666666666667 0.012962962962962963
2 0.9505208333333334 0.687037037037037 0.007291666666666667 0.012962962962962963
2 0.821875 0.9162037037037037 0.007291666666666667 0.012962962962962963
2 0.7151041666666667 0.9162037037037037 0.007291666666666667 0.012962962962962963
2 0.61171875 0.9162037037037037 0.007291666666666667 0.012962962962962963
2 0.4010416666666667 0.9143518518518519 0.007291666666666667 0.012962962962962963
2 0.29765625 0.9166666666666666 0.007291666666666667 0.012962962962962963
2 0.19296875 0.9166666666666666 0.007291666666666667 0.012962962962962963