4 0.6385416666666667 0.17453703703703705 0.025 0.04537037037037037
4 0.5614583333333333 0.1587962962962963 0.025 0.04351851851851852
3 0.5203125 0.6555555555555556 0.025520833333333333 0.04259259259259259
4 0.49557291666666664 0.7824074074074074 0.024479166666666666 0.04351851851851852
4 0.415625 0.3189814814814815 0.024479166666666666 0.04259259259259259
4 0.3424479166666667 0.2865740740740741 0.023958333333333335 0.04259259259259259
1 0.2791666666666667 0.47685185185185186 0.024479166666666666 0.041666666666666664
0 0.2526041666666667 0.5 0.0234375 0.041666666666666664
4 0.22890625 0.47685185185185186 0.024479166666666666 0.041666666666666664
3 0.21067708333333332 0.44583333333333336 0.024479166666666666 0.041666666666666664
3 0.16927083333333334 0.39444444444444443 0.025 0.04351851851851852
3 0.18619791666666666 0.5310185185185186 0.025 0.040740740740740744
2 0.0625 0.687037037037037 0.007291666666666667 0.012962962962962963
2 0.06432291666666666 0.4986111111111111 0.007291666666666667 0.012962962962962963
2 0.06640625 0.31157407407407406 0.007291666666666667 0.012962962962962963
2 0.19479166666666667 0.0875 0.007291666666666667 0.012962962962962963
2 0.3 0.08657407407407407 0.007291666666666667 0.012962962962962963
2 0.40286458333333336 0.08796296296296297 0.007291666666666667 0.012962962962962963
2 0.61171875 0.08657407407407407 0.007291666666666667 0.012962962962962963
2 0.7153645833333333 0.08796296296296297 0.007291666666666667 0.012962962962962963
2 0.8203125 0.08657407407407407 0.007291666666666667 0.012962962962962963
2 0.9502604166666667 0.31666666666666665 0.007291666666666667 0.012962962962962963
2 0.9502604166666667 0.49907407407407406 0.007291666666666667 0.012962962962962963
2 0.9515625 0.6884259259259259 0.007291666666666667 0.012962962962962963
2 0.8221354166666667 0.9175925925925926 0.007291666666666667 0.012962962962962963
2 0.7166666666666667 0.9162037037037037 0.007291666666666667 0.012962962962962963
2 0.6104166666666667 0.9162037037037037 0.007291666666666667 0.012962962962962963
2 0.40234375 0.9162037037037037 0.007291666666666667 0.012962962962962963
2 0.2984375 0.9143518518518519 0.007291666666666667 0.012962962962962963
2 0.19244791666666666 0.9152777777777777 0.007291666666666667 0.012962962962962963