3 0.43515625 0.44351851851851853 0.0109375 0.018518518518518517
3 0.43020833333333336 0.44722222222222224 0.009375 0.016666666666666666
3 0.42734375 0.45555555555555555 0.009895833333333333 0.017592592592592594
4 0.5143229166666666 0.4537037037037037 0.0109375 0.020370370370370372
4 0.55234375 0.44305555555555554 0.008333333333333333 0.017592592592592594
1 0.5596354166666667 0.44537037037037036 0.0109375 0.019444444444444445
3 0.5361979166666667 0.4777777777777778 0.009895833333333333 0.019444444444444445
0 0.5265625 0.4842592592592593 0.009895833333333333 0.017592592592592594
3 0.434375 0.5518518518518518 0.011979166666666667 0.022222222222222223
3 0.44114583333333335 0.5800925925925926 0.014583333333333334 0.013888888888888888
2 0.3815104166666667 0.5583333333333333 0.007291666666666667 0.009259259259259259
2 0.38645833333333335 0.5365740740740741 0.007291666666666667 0.009259259259259259
2 0.39166666666666666 0.5148148148148148 0.007291666666666667 0.009259259259259259
2 0.39947916666666666 0.4777777777777778 0.007291666666666667 0.009259259259259259
2 0.403125 0.4601851851851852 0.007291666666666667 0.009259259259259259
2 0.40677083333333336 0.4444444444444444 0.007291666666666667 0.009259259259259259
2 0.46432291666666664 0.4263888888888889 0.007291666666666667 0.009259259259259259
2 0.5078125 0.42685185185185187 0.007291666666666667 0.009259259259259259
2 0.5513020833333333 0.4287037037037037 0.007291666666666667 0.009259259259259259
2 0.60859375 0.44722222222222224 0.007291666666666667 0.009259259259259259
2 0.6125 0.4634259259259259 0.007291666666666667 0.009259259259259259
2 0.615625 0.48148148148148145 0.007291666666666667 0.009259259259259259
2 0.62265625 0.5180555555555556 0.007291666666666667 0.009259259259259259
2 0.6265625 0.5393518518518519 0.007291666666666667 0.009259259259259259
2 0.6307291666666667 0.5611111111111111 0.007291666666666667 0.009259259259259259
2 0.5643229166666667 0.5902777777777778 0.007291666666666667 0.009259259259259259
2 0.50546875 0.5898148148148148 0.007291666666666667 0.009259259259259259
2 0.446875 0.5893518518518519 0.007291666666666667 0.009259259259259259