4 0.2747529761904762 0.5770714285714286 0.017461309523809525 0.027047619047619046
1 0.3426517857142857 0.3809 0.019877976190476192 0.028833333333333332
3 0.4196517857142857 0.41136666666666666 0.017089285714285713 0.026157142857142858
3 0.4682321428571429 0.31179523809523807 0.015419642857142857 0.02556190476190476
4 0.5034345238095238 0.30154285714285717 0.015604166666666667 0.024671428571428573
3 0.6077440476190477 0.4544666666666667 0.01467559523809524 0.026157142857142858
4 0.6867886904761905 0.4086904761904762 0.017833333333333333 0.027342857142857144
4 0.6997916666666667 0.4483714285714286 0.017089285714285713 0.025266666666666666
4 0.7153035714285715 0.48656666666666665 0.017276785714285713 0.028533333333333334
3 0.6840029761904762 0.5463095238095238 0.015976190476190477 0.027342857142857144
4 0.6299434523809524 0.622252380952381 0.016348214285714285 0.024671428571428573
3 0.7701071428571429 0.4039380952380952 0.017276785714285713 0.026157142857142858
3 0.7809732142857143 0.6136333333333334 0.015976190476190477 0.025857142857142856
4 0.7671339285714286 0.6855619047619048 0.016532738095238093 0.028833333333333332
0 0.6965029761904762 0.4727714285714286 0.016910714285714286 0.025123809523809524
2 0.24842559523809524 0.8146571428571429 0.005241071428571428 0.008857142857142859
2 0.33297916666666666 0.8152666666666667 0.0050654761904761906 0.008576190476190477
2 0.41777083333333337 0.8149857142857143 0.0047708333333333335 0.008199999999999999
2 0.5865863095238095 0.8154095238095238 0.005005952380952381 0.008104761904761905
2 0.6712023809523809 0.8151285714285714 0.005300595238095238 0.007914285714285714
2 0.755875 0.8151714285714285 0.004889880952380952 0.008199999999999999
2 0.8651339285714286 0.6419238095238095 0.0050178571428571425 0.007895238095238094
2 0.8653869047619047 0.5062428571428571 0.0051875 0.008166666666666666
2 0.8661547619047619 0.36974761904761905 0.0050178571428571425 0.008438095238095238
2 0.757625 0.19487619047619048 0.005699404761904761 0.008980952380952381
2 0.6725267857142857 0.19460476190476192 0.005782738095238095 0.008438095238095238
2 0.5873035714285714 0.1941952380952381 0.005104166666666667 0.009252380952380953
2 0.4172767857142857 0.19446666666666668 0.00544345238095238 0.008438095238095238
2 0.33192559523809523 0.19494285714285714 0.005357142857142857 0.0077571428571428565
2 0.24657440476190476 0.1950142857142857 0.0052738095238095235 0.00870952380952381
2 0.138 0.36934285714285714 0.005699404761904761 0.008438095238095238
2 0.1383839285714286 0.5061095238095238 0.004934523809523809 0.008438095238095238
2 0.13876785714285714 0.6417904761904761 0.0051875 0.007619047619047619