3 0.8880208333333334 0.6861111111111111 0.022916666666666665 0.040740740740740744
3 0.7778645833333333 0.2759259259259259 0.0234375 0.040740740740740744
3 0.7221354166666667 0.6310185185185185 0.0234375 0.040740740740740744
3 0.70390625 0.7861111111111111 0.022916666666666665 0.040740740740740744
1 0.6895833333333333 0.6333333333333333 0.0234375 0.041666666666666664
4 0.6583333333333333 0.6375 0.023958333333333335 0.041666666666666664
3 0.640625 0.7462962962962963 0.022916666666666665 0.040740740740740744
4 0.5096354166666667 0.5203703703703704 0.023958333333333335 0.041666666666666664
0 0.4901041666666667 0.37546296296296294 0.022395833333333334 0.040740740740740744
4 0.47708333333333336 0.4351851851851852 0.023958333333333335 0.041666666666666664
3 0.41119791666666666 0.6 0.021875 0.040740740740740744
4 0.19322916666666667 0.7430555555555556 0.023958333333333335 0.041666666666666664
2 0.19244791666666666 0.09027777777777778 0.007291666666666667 0.012962962962962963
2 0.2955729166666667 0.0912037037037037 0.007291666666666667 0.012962962962962963
2 0.39817708333333335 0.0912037037037037 0.007291666666666667 0.012962962962962963
2 0.6033854166666667 0.09166666666666666 0.007291666666666667 0.012962962962962963
2 0.7067708333333333 0.08981481481481482 0.007291666666666667 0.012962962962962963
2 0.8098958333333334 0.08888888888888889 0.007291666666666667 0.012962962962962963
2 0.9375 0.3125 0.007291666666666667 0.012962962962962963
2 0.9380208333333333 0.4981481481481482 0.007291666666666667 0.012962962962962963
2 0.9375 0.6819444444444445 0.007291666666666667 0.012962962962962963
2 0.8109375 0.9092592592592592 0.007291666666666667 0.012962962962962963
2 0.7075520833333333 0.9101851851851852 0.007291666666666667 0.012962962962962963
2 0.60390625 0.9097222222222222 0.007291666666666667 0.012962962962962963
2 0.39817708333333335 0.9083333333333333 0.007291666666666667 0.012962962962962963
2 0.29609375 0.9083333333333333 0.007291666666666667 0.012962962962962963
2 0.19166666666666668 0.9087962962962963 0.007291666666666667 0.012962962962962963
2 0.06510416666666667 0.6819444444444445 0.007291666666666667 0.012962962962962963
2 0.06588541666666667 0.49907407407407406 0.007291666666666667 0.012962962962962963
2 0.06588541666666667 0.3148148148148148 0.007291666666666667 0.012962962962962963