4 0.83828125 0.7212962962962963 0.024479166666666666 0.041666666666666664
4 0.69140625 0.7819444444444444 0.023958333333333335 0.041666666666666664
4 0.74375 0.43333333333333335 0.023958333333333335 0.041666666666666664
4 0.7671875 0.3425925925925926 0.0234375 0.041666666666666664
3 0.70078125 0.3398148148148148 0.022916666666666665 0.040740740740740744
3 0.6299479166666667 0.5662037037037037 0.022916666666666665 0.03981481481481482
4 0.6388020833333333 0.15925925925925927 0.023958333333333335 0.041666666666666664
3 0.5296875 0.5592592592592592 0.0234375 0.040740740740740744
4 0.47760416666666666 0.5518518518518518 0.0234375 0.041666666666666664
1 0.42916666666666664 0.21157407407407408 0.0234375 0.040740740740740744
3 0.28984375 0.624537037037037 0.0234375 0.03981481481481482
0 0.25833333333333336 0.5703703703703704 0.022916666666666665 0.040740740740740744
4 0.22890625 0.5888888888888889 0.024479166666666666 0.040740740740740744
3 0.17578125 0.5828703703703704 0.025 0.040740740740740744
3 0.11145833333333334 0.7805555555555556 0.023958333333333335 0.040740740740740744
2 0.19192708333333333 0.09074074074074075 0.007291666666666667 0.012962962962962963
2 0.2953125 0.09166666666666666 0.007291666666666667 0.012962962962962963
2 0.39869791666666665 0.09212962962962963 0.007291666666666667 0.012962962962962963
2 0.60390625 0.0912037037037037 0.007291666666666667 0.012962962962962963
2 0.7065104166666667 0.09074074074074075 0.007291666666666667 0.012962962962962963
2 0.81015625 0.08888888888888889 0.007291666666666667 0.012962962962962963
2 0.9377604166666667 0.31296296296296294 0.007291666666666667 0.012962962962962963
2 0.9377604166666667 0.49675925925925923 0.007291666666666667 0.012962962962962963
2 0.9380208333333333 0.6810185185185185 0.007291666666666667 0.012962962962962963
2 0.8111979166666666 0.9087962962962963 0.007291666666666667 0.012962962962962963
2 0.70703125 0.9101851851851852 0.007291666666666667 0.012962962962962963
2 0.6046875 0.9097222222222222 0.007291666666666667 0.012962962962962963
2 0.3997395833333333 0.9083333333333333 0.007291666666666667 0.012962962962962963
2 0.29609375 0.9083333333333333 0.007291666666666667 0.012962962962962963
2 0.1921875 0.9083333333333333 0.007291666666666667 0.012962962962962963
2 0.065625 0.6824074074074075 0.007291666666666667 0.012962962962962963
2 0.06536458333333334 0.4986111111111111 0.007291666666666667 0.012962962962962963
2 0.065625 0.3143518518518518 0.007291666666666667 0.012962962962962963