4 0.7270833333333333 0.575925925925926 0.0234375 0.04259259259259259
3 0.63046875 0.5662037037037037 0.022916666666666665 0.03981481481481482
3 0.60859375 0.45787037037037037 0.0234375 0.03981481481481482
4 0.6002604166666666 0.5773148148148148 0.023958333333333335 0.040740740740740744
3 0.5473958333333333 0.5782407407407407 0.022916666666666665 0.040740740740740744
1 0.28671875 0.4546296296296296 0.023958333333333335 0.041666666666666664
0 0.2559895833333333 0.6425925925925926 0.022916666666666665 0.040740740740740744
4 0.12916666666666668 0.8180555555555555 0.024479166666666666 0.041666666666666664
2 0.19296875 0.09074074074074075 0.007291666666666667 0.012962962962962963
2 0.29583333333333334 0.0912037037037037 0.007291666666666667 0.012962962962962963
2 0.39895833333333336 0.09074074074074075 0.007291666666666667 0.012962962962962963
2 0.6036458333333333 0.09212962962962963 0.007291666666666667 0.012962962962962963
2 0.7059895833333333 0.08888888888888889 0.007291666666666667 0.012962962962962963
2 0.81015625 0.08842592592592592 0.007291666666666667 0.012962962962962963
2 0.9375 0.31296296296296294 0.007291666666666667 0.012962962962962963
2 0.9380208333333333 0.49722222222222223 0.007291666666666667 0.012962962962962963
2 0.9369791666666667 0.6819444444444445 0.007291666666666667 0.012962962962962963
2 0.8119791666666667 0.9097222222222222 0.007291666666666667 0.012962962962962963
2 0.7078125 0.9092592592592592 0.007291666666666667 0.012962962962962963
2 0.60390625 0.9087962962962963 0.007291666666666667 0.012962962962962963
2 0.39947916666666666 0.9083333333333333 0.007291666666666667 0.012962962962962963
2 0.29635416666666664 0.9092592592592592 0.007291666666666667 0.012962962962962963
2 0.19244791666666666 0.9097222222222222 0.007291666666666667 0.012962962962962963
2 0.065625 0.6833333333333333 0.007291666666666667 0.012962962962962963
2 0.06666666666666667 0.49907407407407406 0.007291666666666667 0.012962962962962963
2 0.06536458333333334 0.31574074074074077 0.007291666666666667 0.012962962962962963