4 0.88671875 0.8375 0.024479166666666666 0.040740740740740744
3 0.8916666666666667 0.7962962962962963 0.023958333333333335 0.03981481481481482
4 0.8716145833333333 0.5606481481481481 0.0234375 0.041666666666666664
4 0.8716145833333333 0.4648148148148148 0.023958333333333335 0.041666666666666664
4 0.5044270833333333 0.7041666666666667 0.023958333333333335 0.041666666666666664
0 0.15286458333333333 0.3925925925925926 0.0234375 0.040740740740740744
1 0.12395833333333334 0.4125 0.024479166666666666 0.041666666666666664
4 0.14635416666666667 0.4597222222222222 0.022395833333333334 0.03981481481481482
4 0.1171875 0.5625 0.023958333333333335 0.040740740740740744
2 0.19270833333333334 0.08935185185185185 0.007291666666666667 0.012962962962962963
2 0.29609375 0.0912037037037037 0.007291666666666667 0.012962962962962963
2 0.39817708333333335 0.0912037037037037 0.007291666666666667 0.012962962962962963
2 0.603125 0.08981481481481482 0.007291666666666667 0.012962962962962963
2 0.7072916666666667 0.09027777777777778 0.007291666666666667 0.012962962962962963
2 0.8098958333333334 0.08888888888888889 0.007291666666666667 0.012962962962962963
2 0.9369791666666667 0.3125 0.007291666666666667 0.012962962962962963
2 0.9372395833333333 0.49675925925925923 0.007291666666666667 0.012962962962962963
2 0.9380208333333333 0.6814814814814815 0.007291666666666667 0.012962962962962963
2 0.81171875 0.9097222222222222 0.007291666666666667 0.012962962962962963
2 0.70703125 0.9097222222222222 0.007291666666666667 0.012962962962962963
2 0.6041666666666666 0.9092592592592592 0.007291666666666667 0.012962962962962963
2 0.39895833333333336 0.9083333333333333 0.007291666666666667 0.012962962962962963
2 0.29583333333333334 0.9087962962962963 0.007291666666666667 0.012962962962962963
2 0.1921875 0.9087962962962963 0.007291666666666667 0.012962962962962963
2 0.06510416666666667 0.6814814814814815 0.007291666666666667 0.012962962962962963
2 0.06536458333333334 0.4981481481481482 0.007291666666666667 0.012962962962962963
2 0.06536458333333334 0.31527777777777777 0.007291666666666667 0.012962962962962963