1 0.83984375 0.8296296296296296 0.023958333333333335 0.041666666666666664
4 0.8216145833333334 0.7773148148148148 0.023958333333333335 0.04259259259259259
3 0.78828125 0.5467592592592593 0.023958333333333335 0.040740740740740744
4 0.7885416666666667 0.4925925925925926 0.0234375 0.040740740740740744
0 0.76171875 0.4837962962962963 0.0234375 0.040740740740740744
3 0.6520833333333333 0.45416666666666666 0.022395833333333334 0.040740740740740744
3 0.53046875 0.21712962962962962 0.021875 0.03981481481481482
3 0.5497395833333333 0.3976851851851852 0.0234375 0.03981481481481482
3 0.5791666666666667 0.6930555555555555 0.0234375 0.040740740740740744
3 0.5317708333333333 0.7925925925925926 0.0234375 0.04259259259259259
3 0.32838541666666665 0.5893518518518519 0.0234375 0.040740740740740744
4 0.19296875 0.44675925925925924 0.0234375 0.040740740740740744
2 0.1921875 0.09074074074074075 0.007291666666666667 0.012962962962962963
2 0.2953125 0.09027777777777778 0.007291666666666667 0.012962962962962963
2 0.39869791666666665 0.09027777777777778 0.007291666666666667 0.012962962962962963
2 0.6036458333333333 0.09166666666666666 0.007291666666666667 0.012962962962962963
2 0.7067708333333333 0.08935185185185185 0.007291666666666667 0.012962962962962963
2 0.81015625 0.08888888888888889 0.007291666666666667 0.012962962962962963
2 0.9380208333333333 0.31296296296296294 0.007291666666666667 0.012962962962962963
2 0.9380208333333333 0.49722222222222223 0.007291666666666667 0.012962962962962963
2 0.9377604166666667 0.6814814814814815 0.007291666666666667 0.012962962962962963
2 0.8106770833333333 0.9092592592592592 0.007291666666666667 0.012962962962962963
2 0.7072916666666667 0.9092592592592592 0.007291666666666667 0.012962962962962963
2 0.6046875 0.9087962962962963 0.007291666666666667 0.012962962962962963
2 0.39947916666666666 0.9078703703703703 0.007291666666666667 0.012962962962962963
2 0.29635416666666664 0.9092592592592592 0.007291666666666667 0.012962962962962963
2 0.19244791666666666 0.9074074074074074 0.007291666666666667 0.012962962962962963
2 0.06536458333333334 0.6819444444444445 0.007291666666666667 0.012962962962962963
2 0.06536458333333334 0.4986111111111111 0.007291666666666667 0.012962962962962963
2 0.065625 0.3148148148148148 0.007291666666666667 0.012962962962962963