2 0.4047113095238095 0.21141904761904762 0.005011904761904762 0.005180952380952382
2 0.5060982142857143 0.2120047619047619 0.004595238095238095 0.004009523809523809
2 0.607485119047619 0.21241904761904762 0.004803571428571429 0.004842857142857143
2 0.7482351190476191 0.2729809523809524 0.005011904761904762 0.005009523809523809
2 0.7576845238095239 0.3241047619047619 0.005324404761904762 0.004676190476190476
2 0.7681250000000001 0.37956666666666666 0.005116071428571429 0.005009523809523809
2 0.7907827380952381 0.5043619047619048 0.006160714285714286 0.005680952380952381
2 0.8036785714285715 0.5757857142857143 0.005848214285714286 0.005514285714285715
2 0.8181398809523809 0.6542190476190476 0.006577380952380953 0.006347619047619047
2 0.6501369047619048 0.7654 0.006577380952380953 0.006514285714285714
2 0.5032261904761904 0.7641476190476191 0.0067857142857142855 0.006347619047619047
2 0.3563154761904762 0.7633095238095239 0.0067857142857142855 0.006347619047619047
2 0.1905029761904762 0.6502095238095238 0.006369047619047619 0.005680952380952381
2 0.20548809523809525 0.571857142857143 0.007309523809523809 0.005680952380952381
2 0.21903869047619048 0.5008904761904761 0.004985119047619047 0.005233333333333334
2 0.2434285714285714 0.37670000000000003 0.005202380952380952 0.005185714285714286
2 0.2540565476190476 0.32152380952380955 0.00550297619047619 0.0048238095238095245
2 0.2639315476190476 0.270452380952381 0.004898809523809524 0.0044619047619047615
4 0.4493392857142857 0.29565238095238094 0.019452380952380954 0.031819047619047615
4 0.31907440476190474 0.6732380952380952 0.023916666666666666 0.04063809523809524
4 0.39558928571428575 0.5474333333333333 0.022434523809523807 0.03894285714285714
4 0.4887172619047619 0.6747619047619048 0.024553571428571428 0.04097619047619047
4 0.5226875 0.6236285714285714 0.02349404761904762 0.03962380952380952
4 0.599202380952381 0.5973809523809523 0.023705357142857146 0.039285714285714285
4 0.6849226190476191 0.4483761904761905 0.021166666666666667 0.03589523809523809
3 0.5853392857142857 0.38894285714285715 0.020107142857142858 0.034204761904761904
3 0.5515803571428571 0.5299904761904762 0.02201190476190476 0.03657619047619048
3 0.607985119047619 0.6764571428571429 0.024339285714285716 0.04097619047619047
3 0.46480059523809525 0.5950095238095238 0.023282738095238096 0.039285714285714285
3 0.3922023809523809 0.6881428571428571 0.024553571428571428 0.04063809523809524
1 0.5518958333333333 0.6314190476190477 0.022223214285714287 0.03962380952380952
0 0.5369761904761905 0.6072047619047619 0.02286011904761905 0.0386047619047619