4 0.27448809523809525 0.5776285714285714 0.016491071428571428 0.02860952380952381
3 0.41942261904761907 0.41138571428571424 0.015553571428571429 0.028147619047619046
4 0.503110119047619 0.30216666666666664 0.016502976190476193 0.026404761904761907
3 0.6078244047619048 0.4550190476190476 0.014875 0.02342857142857143
4 0.6294404761904762 0.6216285714285714 0.016735119047619047 0.02789047619047619
4 0.686735119047619 0.4090904761904762 0.01743154761904762 0.02751904761904762
4 0.7150922619047619 0.4860714285714286 0.01743154761904762 0.028266666666666666
4 0.7683214285714286 0.520847619047619 0.016967261904761905 0.02789047619047619
3 0.6839464285714285 0.5457619047619047 0.016038690476190477 0.02789047619047619
0 0.6963779761904761 0.47210476190476186 0.015366071428571429 0.025152380952380954
1 0.7229613095238095 0.4569857142857143 0.017663690476190475 0.026566666666666666
3 0.7699434523809524 0.4045619047619048 0.016955357142857144 0.02628095238095238
3 0.7814255952380953 0.6134142857142858 0.016604166666666666 0.025152380952380954
4 0.7666755952380953 0.6859000000000001 0.016779761904761905 0.02712857142857143
2 0.24821428571428572 0.8148809523809524 0.005279761904761904 0.007995238095238095
2 0.3328065476190476 0.8144285714285714 0.004339285714285714 0.007695238095238095
2 0.4175863095238095 0.8151047619047619 0.004904761904761905 0.007847619047619048
2 0.5865357142857143 0.8154809523809524 0.004997023809523809 0.0083
2 0.6712708333333333 0.8151047619047619 0.005092261904761905 0.008147619047619048
2 0.7558154761904762 0.8151047619047619 0.0051875 0.008147619047619048
2 0.8647857142857143 0.6419571428571428 0.004904761904761905 0.0083
2 0.8655863095238094 0.5058571428571428 0.0048095238095238095 0.0086
2 0.8661964285714286 0.36989523809523805 0.005508928571428572 0.009628571428571427
2 0.7580744047619048 0.1947809523809524 0.005508928571428572 0.009957142857142857
2 0.6724940476190476 0.19502857142857144 0.005916666666666666 0.007833333333333333
2 0.5873244047619048 0.19437142857142858 0.005303571428571428 0.007833333333333333
2 0.41723511904761906 0.19404761904761905 0.004997023809523809 0.008814285714285715
2 0.33186011904761903 0.19437142857142858 0.005202380952380952 0.008814285714285715
2 0.2468422619047619 0.19486190476190476 0.005303571428571428 0.008161904761904763
2 0.13785416666666667 0.36989523809523805 0.005202380952380952 0.009304761904761904
2 0.1383125 0.5060904761904762 0.005508928571428572 0.008485714285714286
2 0.13892559523809525 0.6416285714285714 0.005101190476190476 0.007342857142857143