4 0.8809895833333333 0.2861111111111111 0.0234375 0.04259259259259259
3 0.7588541666666667 0.18935185185185185 0.023958333333333335 0.040740740740740744
4 0.78125 0.5504629629629629 0.023958333333333335 0.040740740740740744
4 0.7065104166666667 0.47824074074074074 0.023958333333333335 0.040740740740740744
0 0.5325520833333334 0.4791666666666667 0.022395833333333334 0.040740740740740744
4 0.4822916666666667 0.46944444444444444 0.022916666666666665 0.041666666666666664
4 0.3927083333333333 0.5074074074074074 0.023958333333333335 0.041666666666666664
3 0.3625 0.6444444444444445 0.022395833333333334 0.040740740740740744
4 0.28177083333333336 0.6486111111111111 0.023958333333333335 0.040740740740740744
4 0.36302083333333335 0.1865740740740741 0.023958333333333335 0.03981481481481482
3 0.1625 0.4263888888888889 0.023958333333333335 0.041666666666666664
1 0.13645833333333332 0.7106481481481481 0.023958333333333335 0.041666666666666664
2 0.06432291666666666 0.6819444444444445 0.007291666666666667 0.012962962962962963
2 0.06614583333333333 0.49953703703703706 0.007291666666666667 0.012962962962962963
2 0.06536458333333334 0.3138888888888889 0.007291666666666667 0.012962962962962963
2 0.19244791666666666 0.08981481481481482 0.007291666666666667 0.012962962962962963
2 0.29583333333333334 0.09027777777777778 0.007291666666666667 0.012962962962962963
2 0.39817708333333335 0.09027777777777778 0.007291666666666667 0.012962962962962963
2 0.6036458333333333 0.09074074074074075 0.007291666666666667 0.012962962962962963
2 0.7067708333333333 0.08981481481481482 0.007291666666666667 0.012962962962962963
2 0.8098958333333334 0.08981481481481482 0.007291666666666667 0.012962962962962963
2 0.9375 0.31296296296296294 0.007291666666666667 0.012962962962962963
2 0.9375 0.49722222222222223 0.007291666666666667 0.012962962962962963
2 0.9380208333333333 0.6819444444444445 0.007291666666666667 0.012962962962962963
2 0.8111979166666666 0.9097222222222222 0.007291666666666667 0.012962962962962963
2 0.7067708333333333 0.9097222222222222 0.007291666666666667 0.012962962962962963
2 0.60390625 0.9092592592592592 0.007291666666666667 0.012962962962962963
2 0.39921875 0.9092592592592592 0.007291666666666667 0.012962962962962963
2 0.29609375 0.9097222222222222 0.007291666666666667 0.012962962962962963
2 0.19192708333333333 0.9092592592592592 0.007291666666666667 0.012962962962962963