4 0.7651041666666667 0.7236111111111111 0.016145833333333335 0.028703703703703703
3 0.8182291666666667 0.6597222222222222 0.015625 0.026851851851851852
4 0.79921875 0.5296296296296297 0.016145833333333335 0.027777777777777776
4 0.7184895833333333 0.3939814814814815 0.016145833333333335 0.027777777777777776
3 0.71640625 0.6444444444444445 0.015625 0.025925925925925925
1 0.6205729166666667 0.7240740740740741 0.015625 0.027777777777777776
4 0.6270833333333333 0.6759259259259259 0.015104166666666667 0.026851851851851852
4 0.6302083333333334 0.624537037037037 0.015625 0.027777777777777776
3 0.515625 0.6300925925925925 0.015104166666666667 0.026851851851851852
0 0.5848958333333333 0.30694444444444446 0.015625 0.026851851851851852
4 0.5309895833333333 0.24444444444444444 0.015104166666666667 0.026851851851851852
3 0.39869791666666665 0.2662037037037037 0.015104166666666667 0.027777777777777776
4 0.27421875 0.44722222222222224 0.015625 0.027777777777777776
3 0.2596354166666667 0.6689814814814815 0.015625 0.025925925925925925
2 0.13880208333333333 0.6569444444444444 0.007291666666666667 0.012962962962962963
2 0.13854166666666667 0.5069444444444444 0.007291666666666667 0.012962962962962963
2 0.13776041666666666 0.35462962962962963 0.007291666666666667 0.012962962962962963
2 0.246875 0.16064814814814815 0.007291666666666667 0.012962962962962963
2 0.33229166666666665 0.16018518518518518 0.007291666666666667 0.012962962962962963
2 0.41744791666666664 0.1597222222222222 0.007291666666666667 0.012962962962962963
2 0.5875 0.16018518518518518 0.007291666666666667 0.012962962962962963
2 0.67265625 0.16018518518518518 0.007291666666666667 0.012962962962962963
2 0.7578125 0.16064814814814815 0.007291666666666667 0.012962962962962963
2 0.865625 0.35462962962962963 0.007291666666666667 0.012962962962962963
2 0.8653645833333333 0.5069444444444444 0.007291666666666667 0.012962962962962963
2 0.86484375 0.6583333333333333 0.007291666666666667 0.012962962962962963
2 0.7557291666666667 0.85 0.007291666666666667 0.012962962962962963
2 0.6713541666666667 0.8495370370370371 0.007291666666666667 0.012962962962962963
2 0.5861979166666667 0.850462962962963 0.007291666666666667 0.012962962962962963
2 0.4171875 0.85 0.007291666666666667 0.012962962962962963
2 0.3328125 0.85 0.007291666666666667 0.012962962962962963
2 0.24791666666666667 0.8490740740740741 0.007291666666666667 0.012962962962962963