3 0.84921875 0.2814814814814815 0.026041666666666668 0.04259259259259259
1 0.8716145833333333 0.5222222222222223 0.025 0.04259259259259259
3 0.8278645833333333 0.5041666666666667 0.024479166666666666 0.04259259259259259
0 0.45260416666666664 0.4351851851851852 0.023958333333333335 0.040740740740740744
3 0.2 0.8018518518518518 0.024479166666666666 0.041666666666666664
3 0.18828125 0.5513888888888889 0.024479166666666666 0.041666666666666664
3 0.11979166666666667 0.37453703703703706 0.025 0.04259259259259259
2 0.06432291666666666 0.6865740740740741 0.007291666666666667 0.012962962962962963
2 0.065625 0.500462962962963 0.007291666666666667 0.012962962962962963
2 0.06640625 0.3143518518518518 0.007291666666666667 0.012962962962962963
2 0.19453125 0.08796296296296297 0.007291666666666667 0.012962962962962963
2 0.29921875 0.08796296296296297 0.007291666666666667 0.012962962962962963
2 0.40260416666666665 0.08888888888888889 0.007291666666666667 0.012962962962962963
2 0.6104166666666667 0.0875 0.007291666666666667 0.012962962962962963
2 0.7143229166666667 0.08657407407407407 0.007291666666666667 0.012962962962962963
2 0.81875 0.08611111111111111 0.007291666666666667 0.012962962962962963
2 0.9489583333333333 0.3138888888888889 0.007291666666666667 0.012962962962962963
2 0.9497395833333333 0.5 0.007291666666666667 0.012962962962962963
2 0.9510416666666667 0.687962962962963 0.007291666666666667 0.012962962962962963
2 0.8213541666666667 0.9166666666666666 0.007291666666666667 0.012962962962962963
2 0.7153645833333333 0.9162037037037037 0.007291666666666667 0.012962962962962963
2 0.6111979166666667 0.9162037037037037 0.007291666666666667 0.012962962962962963
2 0.40260416666666665 0.9157407407407407 0.007291666666666667 0.012962962962962963
2 0.29765625 0.9157407407407407 0.007291666666666667 0.012962962962962963
2 0.19244791666666666 0.9148148148148149 0.007291666666666667 0.012962962962962963