3 0.3239910714285714 0.6993761904761905 0.016586309523809524 0.026538095238095236
3 0.22381845238095238 0.5695761904761905 0.016976190476190475 0.02579047619047619
1 0.1999642857142857 0.5425809523809524 0.016976190476190475 0.02750952380952381
3 0.2767589285714286 0.4886666666666667 0.01680059523809524 0.02411904761904762
0 0.3288928571428571 0.5419285714285714 0.01648809523809524 0.02411904761904762
4 0.44210714285714287 0.5788619047619047 0.01711607142857143 0.025123809523809524
3 0.5259583333333333 0.5929333333333334 0.014916666666666667 0.024623809523809524
4 0.5988988095238095 0.6022285714285714 0.01570238095238095 0.027133333333333332
3 0.6020386904761904 0.5240904761904761 0.016958333333333332 0.025123809523809524
3 0.6992380952380952 0.6441857142857143 0.016330357142857143 0.025628571428571428
4 0.7516071428571429 0.5963238095238095 0.01711607142857143 0.02638095238095238
4 0.7435982142857143 0.27799999999999997 0.01617261904761905 0.02638095238095238
4 0.6487529761904762 0.3094047619047619 0.01617261904761905 0.02638095238095238
3 0.22004761904761905 0.28944761904761906 0.017285714285714286 0.026385714285714283
2 0.24821428571428572 0.8144285714285714 0.004714285714285714 0.0070904761904761904
2 0.3329464285714286 0.814952380952381 0.004622023809523809 0.007242857142857143
2 0.41768154761904763 0.8150285714285714 0.004339285714285714 0.007395238095238095
2 0.5866309523809523 0.8153333333333334 0.004431547619047619 0.0067904761904761905
2 0.6711755952380952 0.8150285714285714 0.004526785714285715 0.007395238095238095
2 0.7560029761904762 0.8145761904761905 0.0048095238095238095 0.007395238095238095
2 0.8648809523809524 0.6415809523809524 0.004526785714285715 0.008447619047619048
2 0.8655863095238094 0.5057047619047619 0.004431547619047619 0.0070904761904761904
2 0.8661071428571429 0.3693761904761905 0.004148809523809523 0.007542857142857143
2 0.757702380952381 0.19494761904761904 0.004622023809523809 0.008147619047619048
2 0.6728244047619047 0.1948 0.004431547619047619 0.006638095238095238
2 0.5875267857142857 0.1942714285714286 0.004714285714285714 0.007695238095238095
2 0.41735119047619046 0.19472380952380952 0.004431547619047619 0.007995238095238095
2 0.3319107142857143 0.19434761904761905 0.004431547619047619 0.006942857142857143
2 0.24670535714285713 0.19502380952380952 0.004714285714285714 0.007995238095238095
2 0.13792261904761904 0.36929999999999996 0.0048095238095238095 0.0086
2 0.1385357142857143 0.5057047619047619 0.004339285714285714 0.0070904761904761904
2 0.13896130952380953 0.6416571428571428 0.005375 0.007995238095238095