3 0.49453125 0.575462962962963 0.015625 0.027777777777777776
4 0.5013020833333334 0.5902777777777778 0.015104166666666667 0.028703703703703703
4 0.51875 0.5953703703703703 0.016145833333333335 0.028703703703703703
3 0.64609375 0.5587962962962963 0.0140625 0.022222222222222223
3 0.6666666666666666 0.5472222222222223 0.0140625 0.023148148148148147
4 0.7075520833333333 0.4888888888888889 0.0140625 0.025
4 0.87890625 0.4287037037037037 0.014583333333333334 0.022222222222222223
3 0.8921875 0.42453703703703705 0.013541666666666667 0.019444444444444445
1 0.7859375 0.4222222222222222 0.013020833333333334 0.023148148148148147
0 0.7513020833333334 0.3875 0.0125 0.021296296296296296
4 0.73203125 0.30694444444444446 0.011979166666666667 0.021296296296296296
4 0.69609375 0.39444444444444443 0.0125 0.024074074074074074
3 0.63203125 0.3925925925925926 0.013541666666666667 0.023148148148148147
4 0.44973958333333336 0.43287037037037035 0.013020833333333334 0.025
3 0.325 0.48657407407407405 0.0140625 0.025
3 0.36822916666666666 0.5189814814814815 0.0140625 0.025
2 0.4171875 0.611574074074074 0.011458333333333333 0.012962962962962963
2 0.36744791666666665 0.5657407407407408 0.011458333333333333 0.012962962962962963
2 0.3221354166666667 0.524074074074074 0.011458333333333333 0.012962962962962963
2 0.3533854166666667 0.4393518518518518 0.011458333333333333 0.012962962962962963
2 0.41432291666666665 0.41388888888888886 0.011458333333333333 0.012962962962962963
2 0.47239583333333335 0.38981481481481484 0.011458333333333333 0.012962962962962963
2 0.5786458333333333 0.3453703703703704 0.011458333333333333 0.012962962962962963
2 0.62734375 0.325 0.011458333333333333 0.012962962962962963
2 0.6739583333333333 0.3055555555555556 0.011458333333333333 0.012962962962962963
2 0.7911458333333333 0.31296296296296294 0.011458333333333333 0.012962962962962963
2 0.8416666666666667 0.3384259259259259 0.011458333333333333 0.012962962962962963
2 0.89609375 0.36574074074074076 0.011458333333333333 0.012962962962962963
2 0.9151041666666667 0.4361111111111111 0.011458333333333333 0.012962962962962963
2 0.86796875 0.46296296296296297 0.011458333333333333 0.012962962962962963
2 0.8177083333333334 0.4912037037037037 0.011458333333333333 0.012962962962962963
2 0.7072916666666667 0.5537037037037037 0.011458333333333333 0.012962962962962963
2 0.64609375 0.5879629629629629 0.011458333333333333 0.012962962962962963
2 0.5807291666666666 0.625 0.011458333333333333 0.012962962962962963