3 0.24713541666666666 0.3768518518518518 0.015625 0.026851851851851852
3 0.3541666666666667 0.350462962962963 0.014583333333333334 0.026851851851851852
4 0.36692708333333335 0.35509259259259257 0.015104166666666667 0.027777777777777776
3 0.51328125 0.3800925925925926 0.015104166666666667 0.027777777777777776
4 0.60234375 0.4351851851851852 0.0171875 0.02962962962962963
0 0.60625 0.47314814814814815 0.017708333333333333 0.03148148148148148
4 0.6604166666666667 0.5726851851851852 0.0203125 0.03611111111111111
4 0.6489583333333333 0.6731481481481482 0.022395833333333334 0.041666666666666664
3 0.5763020833333333 0.7337962962962963 0.024479166666666666 0.044444444444444446
4 0.39921875 0.5782407407407407 0.0203125 0.037037037037037035
4 0.48333333333333334 0.7018518518518518 0.0234375 0.040740740740740744
4 0.45390625 0.5638888888888889 0.0203125 0.03518518518518519
3 0.3880208333333333 0.5949074074074074 0.021354166666666667 0.037037037037037035
3 0.3609375 0.524537037037037 0.01875 0.03425925925925926
3 0.3828125 0.49444444444444446 0.018229166666666668 0.032407407407407406
1 0.34036458333333336 0.45787037037037037 0.0171875 0.03148148148148148
2 0.378125 0.7226851851851852 0.011458333333333333 0.012962962962962963
2 0.3221354166666667 0.6435185185185185 0.011458333333333333 0.012962962962962963
2 0.275 0.5763888888888888 0.011458333333333333 0.012962962962962963
2 0.2 0.4708333333333333 0.011458333333333333 0.012962962962962963
2 0.16927083333333334 0.4273148148148148 0.011458333333333333 0.012962962962962963
2 0.14244791666666667 0.3888888888888889 0.011458333333333333 0.012962962962962963
2 0.21354166666666666 0.32407407407407407 0.011458333333333333 0.012962962962962963
2 0.2875 0.30833333333333335 0.011458333333333333 0.012962962962962963
2 0.35625 0.2935185185185185 0.011458333333333333 0.012962962962962963
2 0.4859375 0.30787037037037035 0.011458333333333333 0.012962962962962963
2 0.5270833333333333 0.33611111111111114 0.011458333333333333 0.012962962962962963
2 0.5731770833333333 0.3675925925925926 0.011458333333333333 0.012962962962962963
2 0.6815104166666667 0.44166666666666665 0.011458333333333333 0.012962962962962963
2 0.746875 0.48657407407407405 0.011458333333333333 0.012962962962962963
2 0.821875 0.5375 0.011458333333333333 0.012962962962962963
2 0.8268229166666666 0.6689814814814815 0.011458333333333333 0.012962962962962963
2 0.7309895833333333 0.7162037037037037 0.011458333333333333 0.012962962962962963
2 0.6236979166666666 0.7694444444444445 0.011458333333333333 0.012962962962962963