4 0.5716145833333334 0.6546296296296297 0.0203125 0.03425925925925926
3 0.5653645833333333 0.6717592592592593 0.021354166666666667 0.03611111111111111
4 0.5700520833333333 0.7060185185185185 0.022916666666666665 0.024074074074074074
3 0.6520833333333333 0.6916666666666667 0.021354166666666667 0.03611111111111111
4 0.6078125 0.6337962962962963 0.019791666666666666 0.03518518518518519
1 0.5510416666666667 0.5143518518518518 0.015625 0.026851851851851852
0 0.5315104166666667 0.5180555555555556 0.015104166666666667 0.025925925925925925
4 0.4588541666666667 0.5273148148148148 0.015625 0.026851851851851852
3 0.5 0.6444444444444445 0.0203125 0.03518518518518519
4 0.5197916666666667 0.6652777777777777 0.0203125 0.037037037037037035
4 0.490625 0.7032407407407407 0.021354166666666667 0.027777777777777776
3 0.4283854166666667 0.6976851851851852 0.022916666666666665 0.03796296296296296
4 0.39375 0.6995370370370371 0.022395833333333334 0.037037037037037035
3 0.37890625 0.662962962962963 0.019791666666666666 0.03611111111111111
2 0.2828125 0.6810185185185185 0.007291666666666667 0.009259259259259259
2 0.29453125 0.6472222222222223 0.007291666666666667 0.009259259259259259
2 0.30494791666666665 0.6171296296296296 0.007291666666666667 0.009259259259259259
2 0.32317708333333334 0.5648148148148148 0.007291666666666667 0.009259259259259259
2 0.33098958333333334 0.5421296296296296 0.007291666666666667 0.009259259259259259
2 0.33828125 0.5208333333333334 0.007291666666666667 0.009259259259259259
2 0.4265625 0.49722222222222223 0.007291666666666667 0.009259259259259259
2 0.49166666666666664 0.49675925925925923 0.007291666666666667 0.009259259259259259
2 0.5572916666666666 0.49537037037037035 0.007291666666666667 0.009259259259259259
2 0.6463541666666667 0.5175925925925926 0.007291666666666667 0.009259259259259259
2 0.653125 0.537962962962963 0.007291666666666667 0.009259259259259259
2 0.6609375 0.5597222222222222 0.007291666666666667 0.009259259259259259
2 0.6791666666666667 0.6111111111111112 0.007291666666666667 0.009259259259259259
2 0.690625 0.6412037037037037 0.007291666666666667 0.009259259259259259
2 0.7026041666666667 0.674537037037037 0.007291666666666667 0.009259259259259259
2 0.5955729166666667 0.7226851851851852 0.007291666666666667 0.009259259259259259
2 0.49375 0.7245370370370371 0.007291666666666667 0.009259259259259259
2 0.3919270833333333 0.725925925925926 0.007291666666666667 0.009259259259259259