4 0.471875 0.8833333333333333 0.022916666666666665 0.04351851851851852
4 0.6153645833333333 0.7962962962962963 0.0203125 0.03888888888888889
4 0.6252604166666667 0.7125 0.017708333333333333 0.032407407407407406
0 0.5768229166666666 0.6314814814814815 0.015625 0.027777777777777776
4 0.5731770833333333 0.600462962962963 0.014583333333333334 0.026851851851851852
4 0.36484375 0.7134259259259259 0.017708333333333333 0.03333333333333333
4 0.46119791666666665 0.6430555555555556 0.016145833333333335 0.028703703703703703
1 0.36171875 0.5592592592592592 0.013541666666666667 0.024074074074074074
4 0.3375 0.5305555555555556 0.0125 0.022222222222222223
3 0.31223958333333335 0.5388888888888889 0.013020833333333334 0.023148148148148147
2 0.3729166666666667 0.8388888888888889 0.011458333333333333 0.012962962962962963
2 0.3234375 0.7726851851851851 0.011458333333333333 0.012962962962962963
2 0.2825520833333333 0.7171296296296297 0.011458333333333333 0.012962962962962963
2 0.21796875 0.6300925925925925 0.011458333333333333 0.012962962962962963
2 0.1921875 0.5949074074074074 0.011458333333333333 0.012962962962962963
2 0.16927083333333334 0.5638888888888889 0.011458333333333333 0.012962962962962963
2 0.23333333333333334 0.5115740740740741 0.011458333333333333 0.012962962962962963
2 0.29791666666666666 0.4986111111111111 0.011458333333333333 0.012962962962962963
2 0.35885416666666664 0.48657407407407405 0.011458333333333333 0.012962962962962963
2 0.471875 0.4981481481481482 0.011458333333333333 0.012962962962962963
2 0.5072916666666667 0.5203703703703704 0.011458333333333333 0.012962962962962963
2 0.5479166666666667 0.5453703703703704 0.011458333333333333 0.012962962962962963
2 0.64296875 0.6046296296296296 0.011458333333333333 0.012962962962962963
2 0.70078125 0.6407407407407407 0.011458333333333333 0.012962962962962963
2 0.7674479166666667 0.6824074074074075 0.011458333333333333 0.012962962962962963
2 0.7739583333333333 0.7912037037037037 0.011458333333333333 0.012962962962962963
2 0.6893229166666667 0.8314814814814815 0.011458333333333333 0.012962962962962963
2 0.5934895833333333 0.8773148148148148 0.011458333333333333 0.012962962962962963