4 0.5994791666666667 0.37546296296296294 0.0171875 0.02962962962962963
4 0.60625 0.4287037037037037 0.018229166666666668 0.032407407407407406
1 0.48463541666666665 0.4398148148148148 0.017708333333333333 0.03425925925925926
2 0.37994791666666666 0.49907407407407406 0.007291666666666667 0.009259259259259259
2 0.35572916666666665 0.4527777777777778 0.007291666666666667 0.009259259259259259
2 0.3359375 0.41435185185185186 0.007291666666666667 0.009259259259259259
2 0.30364583333333334 0.35 0.007291666666666667 0.009259259259259259
2 0.2903645833333333 0.3236111111111111 0.007291666666666667 0.009259259259259259
2 0.27890625 0.3 0.007291666666666667 0.009259259259259259
2 0.32890625 0.2601851851851852 0.007291666666666667 0.009259259259259259
2 0.3776041666666667 0.2513888888888889 0.007291666666666667 0.009259259259259259
2 0.42473958333333334 0.2412037037037037 0.007291666666666667 0.009259259259259259
2 0.50546875 0.25 0.007291666666666667 0.009259259259259259
2 0.5283854166666667 0.26990740740740743 0.007291666666666667 0.009259259259259259
2 0.5536458333333333 0.2902777777777778 0.007291666666666667 0.009259259259259259
2 0.6135416666666667 0.3398148148148148 0.007291666666666667 0.009259259259259259
2 0.6486979166666667 0.3699074074074074 0.007291666666666667 0.009259259259259259
2 0.6880208333333333 0.40370370370370373 0.007291666666666667 0.009259259259259259
2 0.6677083333333333 0.4791666666666667 0.007291666666666667 0.009259259259259259
2 0.596875 0.5027777777777778 0.007291666666666667 0.009259259259259259
2 0.5200520833333333 0.5300925925925926 0.007291666666666667 0.009259259259259259