4 0.5438363095238095 0.8101 0.026104166666666664 0.04437619047619047
3 0.6141279761904761 0.6452095238095238 0.02256845238095238 0.03567619047619048
3 0.4490744047619048 0.6408571428571428 0.022026785714285717 0.03654761904761905
4 0.4165803571428571 0.6517333333333334 0.02392857142857143 0.03567619047619048
3 0.4654880952380952 0.5714523809523809 0.01998511904761905 0.030923809523809524
3 0.5289047619047619 0.5502285714285714 0.01806845238095238 0.028704761904761907
0 0.5389077380952381 0.5440333333333334 0.016133928571428573 0.028704761904761907
3 0.4506279761904762 0.48156666666666664 0.016648809523809524 0.026847619047619047
3 0.44120535714285714 0.4709285714285715 0.015101190476190476 0.024985714285714285
4 0.41358630952380954 0.4734095238095238 0.015360119047619048 0.025400000000000002
1 0.35260416666666666 0.4529619047619048 0.014970238095238094 0.024576190476190477
4 0.3298244047619048 0.44966190476190476 0.015360119047619048 0.024985714285714285
3 0.3042053571428571 0.4793952380952381 0.015747023809523808 0.02663809523809524
4 0.23341369047619048 0.5092380952380953 0.017681547619047618 0.02601904761904762
4 0.2719375 0.5803761904761905 0.020392857142857143 0.03159523809523809
4 0.2976220238095238 0.592352380952381 0.019360119047619046 0.03241904761904762
2 0.6717380952380952 0.832852380952381 0.006845238095238095 0.0073
2 0.7765684523809524 0.7833476190476191 0.006845238095238095 0.006657142857142857
2 0.8688511904761905 0.7396428571428572 0.00724702380952381 0.006871428571428571
2 0.8476071428571429 0.6258142857142858 0.006208333333333333 0.005933333333333334
2 0.7658660714285714 0.5839619047619047 0.006369047619047619 0.00529047619047619
2 0.6942410714285715 0.546752380952381 0.004997023809523809 0.004385714285714286
2 0.5751458333333334 0.4848 0.004657738095238095 0.0036714285714285716
2 0.5245863095238095 0.4587095238095238 0.004586309523809524 0.003785714285714286
2 0.4790803571428571 0.4346904761904762 0.004729166666666667 0.0041285714285714285
2 0.34345238095238095 0.4240238095238095 0.0045148809523809525 0.0027523809523809523
2 0.2727559523809524 0.43755714285714287 0.004011904761904762 0.0032095238095238097
2 0.19704166666666664 0.45240476190476187 0.0048005952380952375 0.0035523809523809523
2 0.12838690476190476 0.5095095238095239 0.005232142857142856 0.004928571428571428
2 0.16077976190476193 0.5427047619047619 0.0048005952380952375 0.004814285714285714
2 0.1974375 0.5806 0.005446428571428572 0.004242857142857143
2 0.2867321428571428 0.6719285714285714 0.006592261904761905 0.005961904761904762
2 0.3434166666666667 0.7300619047619048 0.006449404761904762 0.006652380952380953
2 0.4103154761904762 0.7986333333333334 0.0078125 0.0077952380952380955