2 0.41783035714285716 0.8151809523809525 0.0038125000000000004 0.006547619047619048
2 0.3330089285714286 0.8149571428571429 0.004 0.0063999999999999994
2 0.2483720238095238 0.8147333333333333 0.004 0.006547619047619048
2 0.1388125 0.6419666666666667 0.0038125000000000004 0.006252380952380953
2 0.13830059523809524 0.5061761904761904 0.003720238095238095 0.0063999999999999994
2 0.13788095238095238 0.36994285714285713 0.004 0.006547619047619048
2 0.2468392857142857 0.19523809523809524 0.003907738095238095 0.006547619047619048
2 0.33198511904761907 0.1948666666666667 0.004 0.0063999999999999994
2 0.41717857142857145 0.1941952380952381 0.0038125000000000004 0.006547619047619048
2 0.5872857142857143 0.1942714285714286 0.004 0.0061
2 0.6728035714285714 0.1950142857142857 0.004092261904761905 0.0063999999999999994
2 0.7578125 0.19531428571428572 0.003535714285714286 0.0063999999999999994
2 0.8660238095238095 0.3700904761904762 0.00362797619047619 0.007142857142857143
2 0.8658392857142857 0.506252380952381 0.00362797619047619 0.006547619047619048
2 0.8650476190476191 0.6418904761904762 0.003535714285714286 0.006695238095238095
2 0.7559523809523809 0.8148809523809524 0.003907738095238095 0.006547619047619048
2 0.6713630952380953 0.8153285714285714 0.00362797619047619 0.006252380952380953
2 0.5866815476190477 0.8156238095238095 0.003907738095238095 0.006547619047619048
4 0.4676815476190476 0.7103428571428572 0.014973214285714286 0.023361904761904764
4 0.4359642857142857 0.7231380952380952 0.015160714285714284 0.025447619047619045
4 0.28366071428571427 0.6748285714285714 0.015163690476190476 0.02449047619047619
4 0.18877678571428572 0.4373 0.016157738095238097 0.02517142857142857
4 0.29436011904761905 0.3722238095238095 0.015023809523809523 0.024261904761904762
4 0.7986815476190476 0.7092952380952381 0.016014880952380954 0.025852380952380953
4 0.6009791666666666 0.6599761904761905 0.015163690476190476 0.024261904761904762
3 0.5993482142857143 0.6136047619047619 0.015023809523809523 0.02449047619047619
3 0.6713422619047619 0.4539666666666667 0.015306547619047619 0.024942857142857145
3 0.5029761904761905 0.38333333333333336 0.014172619047619047 0.024714285714285713
3 0.5087857142857143 0.4951238095238095 0.014455357142857143 0.02517142857142857
3 0.24914880952380952 0.5328809523809523 0.013889880952380952 0.023580952380952383
1 0.2108839285714286 0.41315238095238094 0.016157738095238097 0.025395238095238096
3 0.30314583333333334 0.32902380952380955 0.015306547619047619 0.024038095238095237
3 0.3310654761904762 0.3395714285714286 0.015306547619047619 0.02517142857142857
0 0.49730654761904763 0.361 0.015023809523809523 0.024942857142857145