4 0.6830729166666667 0.2611111111111111 0.024479166666666666 0.041666666666666664
4 0.4505208333333333 0.23287037037037037 0.023958333333333335 0.040740740740740744
3 0.35885416666666664 0.25277777777777777 0.022916666666666665 0.04351851851851852
3 0.34453125 0.262037037037037 0.0234375 0.041666666666666664
0 0.4505208333333333 0.3736111111111111 0.027083333333333334 0.049074074074074076
4 0.34088541666666666 0.5532407407407407 0.03125 0.06296296296296296
3 0.3723958333333333 0.5425925925925926 0.033854166666666664 0.05740740740740741
4 0.3611979166666667 0.5680555555555555 0.034895833333333334 0.062037037037037036
1 0.43359375 0.5439814814814815 0.034375 0.06018518518518518
2 0.15885416666666666 0.5578703703703703 0.011458333333333333 0.012962962962962963
2 0.18619791666666666 0.48518518518518516 0.011458333333333333 0.012962962962962963
2 0.20963541666666666 0.42314814814814816 0.011458333333333333 0.012962962962962963
2 0.24661458333333333 0.3199074074074074 0.011458333333333333 0.012962962962962963
2 0.26197916666666665 0.27685185185185185 0.011458333333333333 0.012962962962962963
2 0.27578125 0.23842592592592593 0.011458333333333333 0.012962962962962963
2 0.41380208333333335 0.19675925925925927 0.011458333333333333 0.012962962962962963
2 0.5125 0.1962962962962963 0.011458333333333333 0.012962962962962963
2 0.6114583333333333 0.1962962962962963 0.011458333333333333 0.012962962962962963
2 0.7473958333333334 0.2388888888888889 0.011458333333333333 0.012962962962962963
2 0.7596354166666667 0.2777777777777778 0.011458333333333333 0.012962962962962963
2 0.7739583333333333 0.32037037037037036 0.011458333333333333 0.012962962962962963
2 0.8080729166666667 0.42407407407407405 0.011458333333333333 0.012962962962962963
2 0.82890625 0.48703703703703705 0.011458333333333333 0.012962962962962963
2 0.8528645833333334 0.5601851851851852 0.011458333333333333 0.012962962962962963
2 0.67421875 0.6662037037037037 0.011458333333333333 0.012962962962962963
2 0.5026041666666666 0.6652777777777777 0.011458333333333333 0.012962962962962963
2 0.3307291666666667 0.663425925925926 0.011458333333333333 0.012962962962962963