4 0.7424479166666667 0.725462962962963 0.019270833333333334 0.026851851851851852
3 0.6567708333333333 0.6328703703703704 0.016666666666666666 0.028703703703703703
4 0.6059895833333333 0.6754629629629629 0.0171875 0.03148148148148148
0 0.5893229166666667 0.6416666666666667 0.016145833333333335 0.02962962962962963
3 0.5872395833333334 0.5680555555555555 0.0140625 0.025925925925925925
4 0.5627604166666667 0.5805555555555556 0.014583333333333334 0.024074074074074074
3 0.5635416666666667 0.6032407407407407 0.015104166666666667 0.027777777777777776
4 0.54140625 0.5976851851851852 0.015625 0.027777777777777776
3 0.39505208333333336 0.6759259259259259 0.017708333333333333 0.032407407407407406
3 0.3619791666666667 0.7203703703703703 0.019270833333333334 0.03333333333333333
3 0.5213541666666667 0.5037037037037037 0.0125 0.022222222222222223
3 0.4283854166666667 0.45092592592592595 0.0109375 0.019444444444444445
4 0.4265625 0.5416666666666666 0.0140625 0.025
1 0.22213541666666667 0.4962962962962963 0.013020833333333334 0.022222222222222223
2 0.359375 0.7847222222222222 0.011458333333333333 0.012962962962962963
2 0.32057291666666665 0.7189814814814814 0.011458333333333333 0.012962962962962963
2 0.28802083333333334 0.663425925925926 0.011458333333333333 0.012962962962962963
2 0.2375 0.5777777777777777 0.011458333333333333 0.012962962962962963
2 0.2171875 0.5425925925925926 0.011458333333333333 0.012962962962962963
2 0.19921875 0.5120370370370371 0.011458333333333333 0.012962962962962963
2 0.26484375 0.4625 0.011458333333333333 0.012962962962962963
2 0.32734375 0.4513888888888889 0.011458333333333333 0.012962962962962963
2 0.38619791666666664 0.4412037037037037 0.011458333333333333 0.012962962962962963
2 0.49270833333333336 0.45416666666666666 0.011458333333333333 0.012962962962962963
2 0.5247395833333334 0.4773148148148148 0.011458333333333333 0.012962962962962963
2 0.5606770833333333 0.5027777777777778 0.011458333333333333 0.012962962962962963
2 0.6466145833333333 0.5643518518518519 0.011458333333333333 0.012962962962962963
2 0.6986979166666667 0.6018518518518519 0.011458333333333333 0.012962962962962963
2 0.7604166666666666 0.6458333333333334 0.011458333333333333 0.012962962962962963
2 0.753125 0.7537037037037037 0.011458333333333333 0.012962962962962963
2 0.6645833333333333 0.7907407407407407 0.011458333333333333 0.012962962962962963
2 0.565625 0.8310185185185185 0.011458333333333333 0.012962962962962963