3 0.334375 0.43287037037037035 0.008333333333333333 0.010185185185185186
3 0.38385416666666666 0.4388888888888889 0.008333333333333333 0.014814814814814815
4 0.3966145833333333 0.43657407407407406 0.008333333333333333 0.014814814814814815
4 0.4114583333333333 0.4337962962962963 0.0067708333333333336 0.014814814814814815
4 0.40598958333333335 0.4356481481481482 0.008333333333333333 0.01574074074074074
3 0.42734375 0.43333333333333335 0.0078125 0.01574074074074074
0 0.43723958333333335 0.4439814814814815 0.007291666666666667 0.01574074074074074
3 0.4317708333333333 0.44537037037037036 0.008854166666666666 0.01574074074074074
4 0.48541666666666666 0.49907407407407406 0.010416666666666666 0.016666666666666666
3 0.5026041666666666 0.5060185185185185 0.010416666666666666 0.017592592592592594
4 0.5296875 0.4791666666666667 0.009895833333333333 0.017592592592592594
3 0.5346354166666667 0.4583333333333333 0.008854166666666666 0.016666666666666666
1 0.546875 0.45694444444444443 0.009375 0.01574074074074074
4 0.621875 0.48148148148148145 0.009895833333333333 0.012037037037037037
2 0.3528645833333333 0.42314814814814816 0.007291666666666667 0.009259259259259259
2 0.38255208333333335 0.4162037037037037 0.007291666666666667 0.009259259259259259
2 0.41119791666666666 0.4101851851851852 0.007291666666666667 0.009259259259259259
2 0.46927083333333336 0.4111111111111111 0.007291666666666667 0.009259259259259259
2 0.490625 0.41898148148148145 0.007291666666666667 0.009259259259259259
2 0.51328125 0.42685185185185187 0.007291666666666667 0.009259259259259259
2 0.5638020833333334 0.4444444444444444 0.007291666666666667 0.009259259259259259
2 0.5916666666666667 0.4527777777777778 0.007291666666666667 0.009259259259259259
2 0.62109375 0.4625 0.007291666666666667 0.009259259259259259
2 0.6244791666666667 0.48842592592592593 0.007291666666666667 0.009259259259259259
2 0.59375 0.49907407407407406 0.007291666666666667 0.009259259259259259
2 0.56015625 0.5101851851851852 0.007291666666666667 0.009259259259259259
2 0.4783854166666667 0.5083333333333333 0.007291666666666667 0.009259259259259259
2 0.45 0.4949074074074074 0.007291666666666667 0.009259259259259259
2 0.4244791666666667 0.4824074074074074 0.007291666666666667 0.009259259259259259
2 0.3770833333333333 0.46111111111111114 0.007291666666666667 0.009259259259259259
2 0.35598958333333336 0.4513888888888889 0.007291666666666667 0.009259259259259259
2 0.3359375 0.44212962962962965 0.007291666666666667 0.009259259259259259