3 0.74453125 0.49398148148148147 0.03229166666666667 0.058333333333333334
4 0.7671875 0.5189814814814815 0.03333333333333333 0.05925925925925926
0 0.76640625 0.5893518518518519 0.0359375 0.06296296296296296
4 0.5770833333333333 0.2722222222222222 0.025 0.04351851851851852
4 0.4088541666666667 0.28888888888888886 0.025 0.04722222222222222
1 0.29192708333333334 0.5277777777777778 0.033854166666666664 0.062037037037037036
2 0.14921875 0.5569444444444445 0.011458333333333333 0.012962962962962963
2 0.17604166666666668 0.4842592592592593 0.011458333333333333 0.012962962962962963
2 0.19947916666666668 0.4217592592592593 0.011458333333333333 0.012962962962962963
2 0.23671875 0.3189814814814815 0.011458333333333333 0.012962962962962963
2 0.25234375 0.27546296296296297 0.011458333333333333 0.012962962962962963
2 0.26614583333333336 0.23657407407407408 0.011458333333333333 0.012962962962962963
2 0.40390625 0.19537037037037036 0.011458333333333333 0.012962962962962963
2 0.5026041666666666 0.19490740740740742 0.011458333333333333 0.012962962962962963
2 0.6020833333333333 0.19490740740740742 0.011458333333333333 0.012962962962962963
2 0.7375 0.2375 0.011458333333333333 0.012962962962962963
2 0.7497395833333333 0.2759259259259259 0.011458333333333333 0.012962962962962963
2 0.7635416666666667 0.31851851851851853 0.011458333333333333 0.012962962962962963
2 0.7979166666666667 0.4222222222222222 0.011458333333333333 0.012962962962962963
2 0.81875 0.4847222222222222 0.011458333333333333 0.012962962962962963
2 0.84296875 0.5574074074074075 0.011458333333333333 0.012962962962962963
2 0.6645833333333333 0.6638888888888889 0.011458333333333333 0.012962962962962963
2 0.49270833333333336 0.663425925925926 0.011458333333333333 0.012962962962962963
2 0.32109375 0.6620370370370371 0.011458333333333333 0.012962962962962963