4 0.7018229166666666 0.33194444444444443 0.0140625 0.025
1 0.39036458333333335 0.6958333333333333 0.0140625 0.024074074074074074
3 0.3770833333333333 0.6787037037037037 0.014583333333333334 0.024074074074074074
4 0.3260416666666667 0.7 0.0140625 0.023148148148148147
0 0.31484375 0.6851851851851852 0.0140625 0.025
2 0.2513020833333333 0.6064814814814815 0.007291666666666667 0.012962962962962963
2 0.2513020833333333 0.5 0.007291666666666667 0.012962962962962963
2 0.2520833333333333 0.39305555555555555 0.007291666666666667 0.012962962962962963
2 0.32447916666666665 0.262037037037037 0.007291666666666667 0.012962962962962963
2 0.3841145833333333 0.26064814814814813 0.007291666666666667 0.012962962962962963
2 0.4440104166666667 0.2601851851851852 0.007291666666666667 0.012962962962962963
2 0.56484375 0.25925925925925924 0.007291666666666667 0.012962962962962963
2 0.6252604166666667 0.25972222222222224 0.007291666666666667 0.012962962962962963
2 0.6846354166666667 0.26064814814814813 0.007291666666666667 0.012962962962962963
2 0.7583333333333333 0.39305555555555555 0.007291666666666667 0.012962962962962963
2 0.7588541666666667 0.49953703703703706 0.007291666666666667 0.012962962962962963
2 0.7588541666666667 0.6064814814814815 0.007291666666666667 0.012962962962962963
2 0.6859375 0.7393518518518518 0.007291666666666667 0.012962962962962963
2 0.6260416666666667 0.7407407407407407 0.007291666666666667 0.012962962962962963
2 0.565625 0.7412037037037037 0.007291666666666667 0.012962962962962963
2 0.4440104166666667 0.7421296296296296 0.007291666666666667 0.012962962962962963
2 0.38385416666666666 0.7412037037037037 0.007291666666666667 0.012962962962962963
2 0.32395833333333335 0.7402777777777778 0.007291666666666667 0.012962962962962963