2 0.5487916666666667 0.40403809523809525 0.004508928571428572 0.0034619047619047615
2 0.49887202380952383 0.3746047619047619 0.00405952380952381 0.0034619047619047615
2 0.45377976190476194 0.3481238095238095 0.0038779761904761904 0.0030285714285714286
2 0.31105654761904766 0.33535238095238096 0.0037886904761904763 0.0025952380952380953
2 0.23448809523809525 0.34985714285714287 0.003967261904761905 0.003319047619047619
2 0.1526875 0.36565714285714285 0.004148809523809523 0.003176190476190476
2 0.07282738095238095 0.42792380952380954 0.004961309523809524 0.0036095238095238094
2 0.1024970238095238 0.4645761904761905 0.004961309523809524 0.0038952380952380953
2 0.1360029761904762 0.5061333333333334 0.005050595238095238 0.0038952380952380953
2 0.2178482142857143 0.6075047619047619 0.005681547619047619 0.004904761904761905
2 0.2696160714285714 0.6712857142857143 0.0060416666666666665 0.005195238095238096
2 0.33076190476190476 0.7470428571428571 0.006583333333333333 0.006061904761904762
2 0.6027678571428571 0.7893952380952381 0.006583333333333333 0.006780952380952381
2 0.7214107142857143 0.7368666666666667 0.006133928571428571 0.005914285714285714
2 0.8266607142857143 0.6898285714285715 0.006494047619047619 0.005914285714285714
2 0.8210238095238095 0.5641428571428572 0.0058630952380952376 0.0044714285714285715
2 0.7388630952380952 0.5158 0.005139880952380952 0.0036095238095238094
2 0.6675684523809524 0.47395238095238096 0.004869047619047619 0.0030285714285714286
0 0.5202470238095238 0.46140000000000003 0.01812797619047619 0.02958095238095238
1 0.41572023809523806 0.5790761904761904 0.021735119047619048 0.03578571428571429
3 0.39411904761904765 0.5746761904761905 0.02182440476190476 0.03564285714285714
3 0.4239047619047619 0.5015142857142857 0.018532738095238095 0.03203333333333333
3 0.5020297619047619 0.4794380952380953 0.018669642857142857 0.030738095238095238
3 0.5681130952380952 0.5811666666666667 0.020967261904761905 0.0355
3 0.4172767857142857 0.3992428571428571 0.016098214285714285 0.026623809523809522
3 0.4090922619047619 0.3878809523809524 0.015964285714285716 0.025976190476190476
3 0.2627827380952381 0.39567142857142856 0.016098214285714285 0.025976190476190476
4 0.3586309523809524 0.5873380952380953 0.021916666666666668 0.036147619047619046
4 0.3795982142857143 0.39026190476190475 0.01569345238095238 0.025976190476190476
4 0.2939672619047619 0.3630952380952381 0.015422619047619048 0.024457142857142858
4 0.18445535714285713 0.4282476190476191 0.016910714285714286 0.02749047619047619