4 0.42265625 0.4199074074074074 0.008333333333333333 0.014814814814814815
3 0.41354166666666664 0.41759259259259257 0.008333333333333333 0.013888888888888888
4 0.3971354166666667 0.4305555555555556 0.008854166666666666 0.012962962962962963
3 0.4010416666666667 0.44166666666666665 0.009375 0.016666666666666666
1 0.42213541666666665 0.44537037037037036 0.008854166666666666 0.01574074074074074
3 0.6005208333333333 0.48055555555555557 0.009375 0.017592592592592594
0 0.5770833333333333 0.4791666666666667 0.009375 0.018518518518518517
3 0.5567708333333333 0.4898148148148148 0.010416666666666666 0.018518518518518517
2 0.4783854166666667 0.5078703703703704 0.007291666666666667 0.009259259259259259
2 0.45026041666666666 0.49537037037037035 0.007291666666666667 0.009259259259259259
2 0.4239583333333333 0.4828703703703704 0.007291666666666667 0.009259259259259259
2 0.3768229166666667 0.46111111111111114 0.007291666666666667 0.009259259259259259
2 0.35572916666666665 0.4513888888888889 0.007291666666666667 0.009259259259259259
2 0.33619791666666665 0.44212962962962965 0.007291666666666667 0.009259259259259259
2 0.35260416666666666 0.42268518518518516 0.007291666666666667 0.009259259259259259
2 0.38229166666666664 0.41574074074074074 0.007291666666666667 0.009259259259259259
2 0.41119791666666666 0.4097222222222222 0.007291666666666667 0.009259259259259259
2 0.46901041666666665 0.41064814814814815 0.007291666666666667 0.009259259259259259
2 0.4908854166666667 0.41759259259259257 0.007291666666666667 0.009259259259259259
2 0.51328125 0.425462962962963 0.007291666666666667 0.009259259259259259
2 0.5638020833333334 0.44305555555555554 0.007291666666666667 0.009259259259259259
2 0.59140625 0.45185185185185184 0.007291666666666667 0.009259259259259259
2 0.62109375 0.4615740740740741 0.007291666666666667 0.009259259259259259
2 0.6244791666666667 0.487962962962963 0.007291666666666667 0.009259259259259259
2 0.5934895833333333 0.4986111111111111 0.007291666666666667 0.009259259259259259
2 0.5604166666666667 0.5101851851851852 0.007291666666666667 0.009259259259259259