1 0.48984375 0.4078703703703704 0.018229166666666668 0.030555555555555555
4 0.62578125 0.3611111111111111 0.017708333333333333 0.02962962962962963
3 0.75390625 0.38101851851851853 0.018229166666666668 0.028703703703703703
4 0.6794270833333333 0.42916666666666664 0.019270833333333334 0.03148148148148148
4 0.6098958333333333 0.44074074074074077 0.0203125 0.03148148148148148
3 0.65 0.5625 0.021875 0.03518518518518519
3 0.625 0.7337962962962963 0.025 0.03888888888888889
4 0.421875 0.4810185185185185 0.019791666666666666 0.03333333333333333
0 0.40208333333333335 0.4412037037037037 0.018229166666666668 0.02962962962962963
3 0.30182291666666666 0.4824074074074074 0.019270833333333334 0.03148148148148148
4 0.20078125 0.5800925925925926 0.022916666666666665 0.03425925925925926
2 0.36666666666666664 0.6759259259259259 0.005208333333333333 0.008333333333333333
2 0.21927083333333333 0.5115740740740741 0.005208333333333333 0.008333333333333333
2 0.28203125 0.4532407407407407 0.005208333333333333 0.008333333333333333
2 0.7356770833333334 0.5791666666666667 0.00625 0.010185185185185186
2 0.7703125 0.5138888888888888 0.00625 0.010185185185185186
2 0.8486979166666667 0.35555555555555557 0.00625 0.010185185185185186
2 0.8705729166666667 0.3138888888888889 0.00625 0.010185185185185186
2 0.7908854166666667 0.24814814814814815 0.00625 0.010185185185185186
2 0.7122395833333334 0.23425925925925925 0.0036458333333333334 0.005555555555555556
2 0.6359375 0.21944444444444444 0.0036458333333333334 0.005555555555555556
2 0.5072916666666667 0.24166666666666667 0.0036458333333333334 0.005555555555555556
2 0.4703125 0.275 0.0020833333333333333 0.002777777777777778
2 0.43020833333333336 0.31296296296296294 0.0020833333333333333 0.002777777777777778
2 0.33671875 0.4009259259259259 0.005208333333333333 0.008333333333333333
2 0.8260416666666667 0.40370370370370373 0.00625 0.010185185185185186
2 0.25625 0.6370370370370371 0.005208333333333333 0.008333333333333333
2 0.6973958333333333 0.6592592592592592 0.005208333333333333 0.008333333333333333
2 0.484375 0.7166666666666667 0.005208333333333333 0.008333333333333333