4 0.5015625 0.7212962962962963 0.015625 0.025
3 0.3880208333333333 0.49212962962962964 0.015104166666666667 0.024074074074074074
3 0.26875 0.47962962962962963 0.0140625 0.021296296296296296
0 0.3734375 0.25277777777777777 0.014583333333333334 0.023148148148148147
4 0.3145833333333333 0.3768518518518518 0.016666666666666666 0.025925925925925925
1 0.19583333333333333 0.6768518518518518 0.016145833333333335 0.025925925925925925
3 0.19817708333333334 0.3476851851851852 0.016666666666666666 0.025
2 0.13854166666666667 0.6412037037037037 0.0067708333333333336 0.010185185185185186
2 0.13776041666666666 0.5046296296296297 0.0067708333333333336 0.010185185185185186
2 0.13828125 0.36944444444444446 0.0067708333333333336 0.010185185185185186
2 0.86484375 0.6416666666666667 0.00625 0.010185185185185186
2 0.8658854166666666 0.5060185185185185 0.00625 0.010185185185185186
2 0.865625 0.37037037037037035 0.00625 0.010185185185185186
2 0.24869791666666666 0.8148148148148148 0.0078125 0.012962962962962963
2 0.3333333333333333 0.8152777777777778 0.0078125 0.012962962962962963
2 0.41770833333333335 0.8152777777777778 0.0078125 0.012962962962962963
2 0.5869791666666667 0.8157407407407408 0.0078125 0.012037037037037037
2 0.67109375 0.8148148148148148 0.0078125 0.012037037037037037
2 0.75625 0.8143518518518519 0.0078125 0.012037037037037037
2 0.246875 0.1962962962962963 0.00625 0.010185185185185186
2 0.33203125 0.19583333333333333 0.00625 0.010185185185185186
2 0.41744791666666664 0.19444444444444445 0.00625 0.010185185185185186
2 0.5872395833333334 0.19398148148148148 0.005729166666666666 0.009259259259259259
2 0.6729166666666667 0.19490740740740742 0.005729166666666666 0.009259259259259259
2 0.7580729166666667 0.1962962962962963 0.005729166666666666 0.009259259259259259