3 0.6263020833333334 0.23703703703703705 0.01875 0.028703703703703703
3 0.6033854166666667 0.2675925925925926 0.019270833333333334 0.03148148148148148
3 0.60859375 0.3398148148148148 0.019791666666666666 0.03148148148148148
3 0.6924479166666667 0.5861111111111111 0.0234375 0.037037037037037035
4 0.7341145833333333 0.6074074074074074 0.023958333333333335 0.040740740740740744
1 0.7375 0.6736111111111112 0.024479166666666666 0.03981481481481482
0 0.71015625 0.7032407407407407 0.025 0.04259259259259259
3 0.30026041666666664 0.5143518518518518 0.022395833333333334 0.03611111111111111
3 0.25442708333333336 0.6282407407407408 0.024479166666666666 0.037037037037037035
3 0.24348958333333334 0.7097222222222223 0.025520833333333333 0.041666666666666664
2 0.36171875 0.7587962962962963 0.009895833333333333 0.01574074074074074
2 0.5091145833333334 0.7592592592592593 0.009895833333333333 0.01574074074074074
2 0.6557291666666667 0.7592592592592593 0.009895833333333333 0.01574074074074074
2 0.19583333333333333 0.6444444444444445 0.007291666666666667 0.011111111111111112
2 0.21119791666666668 0.5662037037037037 0.007291666666666667 0.011111111111111112
2 0.22473958333333333 0.49537037037037035 0.007291666666666667 0.011111111111111112
2 0.24869791666666666 0.3712962962962963 0.0067708333333333336 0.011111111111111112
2 0.259375 0.31574074074074077 0.0067708333333333336 0.011111111111111112
2 0.26927083333333335 0.2652777777777778 0.0067708333333333336 0.011111111111111112
2 0.8231770833333333 0.6486111111111111 0.007291666666666667 0.012037037037037037
2 0.8088541666666667 0.5694444444444444 0.007291666666666667 0.012037037037037037
2 0.79609375 0.49953703703703706 0.007291666666666667 0.012037037037037037
2 0.7734375 0.3736111111111111 0.007291666666666667 0.011111111111111112
2 0.7630208333333334 0.3189814814814815 0.007291666666666667 0.011111111111111112
2 0.7533854166666667 0.2675925925925926 0.007291666666666667 0.011111111111111112
2 0.6127604166666667 0.20694444444444443 0.0067708333333333336 0.011111111111111112
2 0.5109375 0.2074074074074074 0.0067708333333333336 0.011111111111111112
2 0.40963541666666664 0.20462962962962963 0.0067708333333333336 0.011111111111111112