4 0.7510416666666667 0.6060185185185185 0.019270833333333334 0.030555555555555555
4 0.6231770833333333 0.7092592592592593 0.021354166666666667 0.03611111111111111
3 0.6572916666666667 0.5879629629629629 0.01875 0.028703703703703703
3 0.6716145833333333 0.5722222222222222 0.017708333333333333 0.028703703703703703
3 0.640625 0.5537037037037037 0.016666666666666666 0.027777777777777776
4 0.59765625 0.524537037037037 0.016145833333333335 0.026851851851851852
4 0.54375 0.5041666666666667 0.015104166666666667 0.026851851851851852
4 0.5083333333333333 0.44814814814814813 0.013541666666666667 0.022222222222222223
0 0.47291666666666665 0.55 0.016666666666666666 0.027777777777777776
4 0.44609375 0.5546296296296296 0.017708333333333333 0.027777777777777776
3 0.4421875 0.5050925925925925 0.015625 0.025
1 0.41953125 0.5291666666666667 0.016666666666666666 0.028703703703703703
3 0.42161458333333335 0.42824074074074076 0.013020833333333334 0.021296296296296296
3 0.3890625 0.46435185185185185 0.0140625 0.023148148148148147
4 0.36796875 0.5916666666666667 0.019270833333333334 0.028703703703703703
3 0.2708333333333333 0.5046296296296297 0.015104166666666667 0.025
2 0.7252604166666666 0.8050925925925926 0.008854166666666666 0.013888888888888888
2 0.8190104166666666 0.7569444444444444 0.008854166666666666 0.013888888888888888
2 0.9033854166666667 0.7152777777777778 0.008854166666666666 0.013888888888888888
2 0.87578125 0.6055555555555555 0.008854166666666666 0.013888888888888888
2 0.7966145833333333 0.5666666666666667 0.008854166666666666 0.013888888888888888
2 0.7263020833333333 0.5291666666666667 0.008854166666666666 0.013888888888888888
2 0.478125 0.7712962962962963 0.00625 0.010185185185185186
2 0.41015625 0.7060185185185185 0.007291666666666667 0.012037037037037037
2 0.3528645833333333 0.6504629629629629 0.007291666666666667 0.012037037037037037
2 0.26119791666666664 0.562962962962963 0.005729166666666666 0.009259259259259259
2 0.22369791666666666 0.5268518518518519 0.005729166666666666 0.009259259259259259
2 0.19036458333333334 0.49444444444444446 0.005729166666666666 0.009259259259259259
2 0.25104166666666666 0.4388888888888889 0.005729166666666666 0.009259259259259259
2 0.32135416666666666 0.42453703703703705 0.005729166666666666 0.009259259259259259
2 0.38619791666666664 0.4111111111111111 0.005729166666666666 0.009259259259259259
2 0.6088541666666667 0.4703703703703704 0.005208333333333333 0.008333333333333333
2 0.5598958333333334 0.44537037037037036 0.005208333333333333 0.008333333333333333
2 0.5151041666666667 0.4212962962962963 0.005208333333333333 0.008333333333333333