3 0.8299479166666667 0.6259259259259259 0.015104166666666667 0.024074074074074074
3 0.7372395833333333 0.6722222222222223 0.014583333333333334 0.022222222222222223
4 0.715625 0.49074074074074076 0.015625 0.025
4 0.6643229166666667 0.5587962962962963 0.016145833333333335 0.025
4 0.67890625 0.46296296296296297 0.015625 0.025
4 0.5971354166666667 0.5976851851851852 0.015625 0.025925925925925925
4 0.5950520833333334 0.5398148148148149 0.014583333333333334 0.025925925925925925
4 0.53828125 0.7615740740740741 0.015625 0.025925925925925925
3 0.5354166666666667 0.39444444444444443 0.015104166666666667 0.025
4 0.4270833333333333 0.3212962962962963 0.014583333333333334 0.025
0 0.35572916666666665 0.33796296296296297 0.015104166666666667 0.024074074074074074
3 0.2872395833333333 0.37546296296296294 0.016145833333333335 0.025
3 0.29322916666666665 0.2814814814814815 0.015625 0.024074074074074074
1 0.20989583333333334 0.7185185185185186 0.016666666666666666 0.025925925925925925
3 0.18203125 0.4356481481481482 0.015625 0.024074074074074074
3 0.18645833333333334 0.3143518518518518 0.016145833333333335 0.024074074074074074
2 0.13958333333333334 0.6412037037037037 0.0078125 0.012037037037037037
2 0.13802083333333334 0.5050925925925925 0.0078125 0.012037037037037037
2 0.1375 0.37037037037037035 0.0078125 0.012037037037037037
2 0.8645833333333334 0.6416666666666667 0.007291666666666667 0.011111111111111112
2 0.865625 0.5060185185185185 0.007291666666666667 0.011111111111111112
2 0.8658854166666666 0.36944444444444446 0.007291666666666667 0.011111111111111112
2 0.24791666666666667 0.8143518518518519 0.007291666666666667 0.011111111111111112
2 0.33307291666666666 0.8157407407407408 0.007291666666666667 0.011111111111111112
2 0.41770833333333335 0.8162037037037037 0.007291666666666667 0.011111111111111112
2 0.5869791666666667 0.8162037037037037 0.0078125 0.012037037037037037
2 0.6713541666666667 0.8152777777777778 0.0078125 0.012037037037037037
2 0.7557291666666667 0.8138888888888889 0.0078125 0.012037037037037037
2 0.24635416666666668 0.19490740740740742 0.00625 0.010185185185185186
2 0.33177083333333335 0.19444444444444445 0.00625 0.010185185185185186
2 0.41744791666666664 0.19444444444444445 0.00625 0.010185185185185186
2 0.5875 0.1935185185185185 0.0067708333333333336 0.011111111111111112
2 0.67265625 0.19537037037037036 0.0067708333333333336 0.011111111111111112
2 0.75859375 0.19490740740740742 0.0067708333333333336 0.011111111111111112