3 0.6901041666666666 0.3013888888888889 0.01875 0.030555555555555555
3 0.65703125 0.24027777777777778 0.01875 0.030555555555555555
3 0.5645833333333333 0.23657407407407408 0.018229166666666668 0.030555555555555555
3 0.6143229166666667 0.29814814814814816 0.01875 0.03148148148148148
0 0.6484375 0.3402777777777778 0.019791666666666666 0.032407407407407406
4 0.6677083333333333 0.3875 0.0203125 0.03425925925925926
3 0.61015625 0.46620370370370373 0.021354166666666667 0.03611111111111111
4 0.5513020833333333 0.5842592592592593 0.023958333333333335 0.03981481481481482
4 0.52421875 0.6171296296296296 0.024479166666666666 0.03981481481481482
4 0.4783854166666667 0.512962962962963 0.022395833333333334 0.03888888888888889
4 0.4578125 0.5708333333333333 0.0234375 0.03888888888888889
4 0.4244791666666667 0.5143518518518518 0.021875 0.03796296296296296
1 0.346875 0.25 0.018229166666666668 0.03148148148148148
4 0.2791666666666667 0.4666666666666667 0.021875 0.03518518518518519
3 0.34088541666666666 0.6375 0.024479166666666666 0.040740740740740744
3 0.38046875 0.7245370370370371 0.025 0.025925925925925925
2 0.36223958333333334 0.7578703703703704 0.008854166666666666 0.014814814814814815
2 0.5088541666666667 0.7601851851851852 0.008854166666666666 0.014814814814814815
2 0.65625 0.7601851851851852 0.008854166666666666 0.014814814814814815
2 0.8239583333333333 0.649074074074074 0.0067708333333333336 0.011111111111111112
2 0.8091145833333333 0.5699074074074074 0.0067708333333333336 0.011111111111111112
2 0.79609375 0.4981481481481482 0.0067708333333333336 0.011111111111111112
2 0.19609375 0.6444444444444445 0.008333333333333333 0.012962962962962963
2 0.21067708333333332 0.5666666666666667 0.008333333333333333 0.012962962962962963
2 0.22395833333333334 0.49537037037037035 0.008333333333333333 0.012962962962962963
2 0.24869791666666666 0.3712962962962963 0.0067708333333333336 0.011111111111111112
2 0.2591145833333333 0.3148148148148148 0.0067708333333333336 0.011111111111111112
2 0.26875 0.2652777777777778 0.0067708333333333336 0.011111111111111112
2 0.7734375 0.37453703703703706 0.00625 0.010185185185185186
2 0.7630208333333334 0.3189814814814815 0.00625 0.010185185185185186
2 0.7536458333333333 0.26805555555555555 0.00625 0.010185185185185186
2 0.41015625 0.20462962962962963 0.007291666666666667 0.012037037037037037
2 0.5111979166666667 0.2050925925925926 0.007291666666666667 0.012037037037037037
2 0.6127604166666667 0.2074074074074074 0.007291666666666667 0.012037037037037037