1 0.7096354166666666 0.36527777777777776 0.0203125 0.03333333333333333
3 0.61484375 0.6546296296296297 0.024479166666666666 0.03981481481481482
3 0.48125 0.4824074074074074 0.021875 0.03611111111111111
3 0.5828125 0.2662037037037037 0.01875 0.030555555555555555
3 0.48098958333333336 0.32314814814814813 0.019791666666666666 0.032407407407407406
3 0.29765625 0.3458333333333333 0.0203125 0.032407407407407406
3 0.3346354166666667 0.5277777777777778 0.022395833333333334 0.03611111111111111
3 0.32578125 0.5662037037037037 0.0234375 0.03611111111111111
0 0.2796875 0.5481481481481482 0.0234375 0.037037037037037035
2 0.35651041666666666 0.7578703703703704 0.008854166666666666 0.014814814814814815
2 0.50390625 0.7587962962962963 0.008854166666666666 0.014814814814814815
2 0.65078125 0.7601851851851852 0.008854166666666666 0.014814814814814815
2 0.8182291666666667 0.6476851851851851 0.008333333333333333 0.012962962962962963
2 0.8041666666666667 0.5699074074074074 0.008333333333333333 0.012962962962962963
2 0.7908854166666667 0.4976851851851852 0.008333333333333333 0.012962962962962963
2 0.19088541666666667 0.6444444444444445 0.007291666666666667 0.012037037037037037
2 0.20572916666666666 0.5666666666666667 0.007291666666666667 0.012037037037037037
2 0.21901041666666668 0.49444444444444446 0.007291666666666667 0.012037037037037037
2 0.24322916666666666 0.3699074074074074 0.0078125 0.012962962962962963
2 0.25442708333333336 0.3162037037037037 0.0078125 0.012962962962962963
2 0.26328125 0.26342592592592595 0.0078125 0.012962962962962963
2 0.7682291666666666 0.3726851851851852 0.00625 0.010185185185185186
2 0.7578125 0.31851851851851853 0.00625 0.010185185185185186
2 0.7484375 0.2662037037037037 0.00625 0.010185185185185186
2 0.4046875 0.2050925925925926 0.005729166666666666 0.009259259259259259
2 0.50625 0.2064814814814815 0.005729166666666666 0.009259259259259259
2 0.6080729166666666 0.20555555555555555 0.005729166666666666 0.009259259259259259