4 0.8127604166666667 0.44212962962962965 0.016145833333333335 0.025
4 0.7385416666666667 0.6356481481481482 0.015104166666666667 0.025925925925925925
4 0.66953125 0.5657407407407408 0.015104166666666667 0.025
3 0.59921875 0.27870370370370373 0.014583333333333334 0.023148148148148147
1 0.5916666666666667 0.4046296296296296 0.015625 0.025
0 0.6041666666666666 0.6712962962962963 0.015104166666666667 0.024074074074074074
3 0.5356770833333333 0.7513888888888889 0.0140625 0.024074074074074074
3 0.5239583333333333 0.5287037037037037 0.015104166666666667 0.024074074074074074
4 0.44817708333333334 0.25324074074074077 0.0140625 0.023148148148148147
3 0.4140625 0.25324074074074077 0.015625 0.025925925925925925
4 0.4158854166666667 0.45092592592592595 0.015104166666666667 0.025925925925925925
3 0.40520833333333334 0.49212962962962964 0.014583333333333334 0.023148148148148147
3 0.4166666666666667 0.5421296296296296 0.015104166666666667 0.024074074074074074
4 0.3606770833333333 0.4981481481481482 0.015625 0.025
4 0.26875 0.6787037037037037 0.016145833333333335 0.025
3 0.25104166666666666 0.6328703703703704 0.015625 0.024074074074074074
2 0.13880208333333333 0.6430555555555556 0.007291666666666667 0.012037037037037037
2 0.13854166666666667 0.5064814814814815 0.007291666666666667 0.012037037037037037
2 0.13854166666666667 0.37037037037037035 0.007291666666666667 0.012037037037037037
2 0.8651041666666667 0.6412037037037037 0.007291666666666667 0.011111111111111112
2 0.8653645833333333 0.5060185185185185 0.007291666666666667 0.011111111111111112
2 0.8653645833333333 0.3699074074074074 0.007291666666666667 0.011111111111111112
2 0.24791666666666667 0.8143518518518519 0.00625 0.010185185185185186
2 0.33359375 0.8152777777777778 0.00625 0.010185185185185186
2 0.41770833333333335 0.8152777777777778 0.00625 0.010185185185185186
2 0.5861979166666667 0.8152777777777778 0.007291666666666667 0.012037037037037037
2 0.6716145833333333 0.8152777777777778 0.007291666666666667 0.012037037037037037
2 0.7559895833333333 0.8138888888888889 0.007291666666666667 0.012037037037037037
2 0.24635416666666668 0.19583333333333333 0.00625 0.010185185185185186
2 0.33255208333333336 0.19490740740740742 0.00625 0.010185185185185186
2 0.41744791666666664 0.19398148148148148 0.00625 0.010185185185185186
2 0.5875 0.19398148148148148 0.0067708333333333336 0.011111111111111112
2 0.671875 0.19583333333333333 0.0067708333333333336 0.011111111111111112
2 0.7572916666666667 0.19490740740740742 0.0067708333333333336 0.011111111111111112