3 0.96328125 0.6037037037037037 0.023958333333333335 0.030555555555555555
3 0.6013020833333333 0.375 0.016145833333333335 0.025925925925925925
3 0.5552083333333333 0.3680555555555556 0.016145833333333335 0.025
3 0.6236979166666666 0.4546296296296296 0.019270833333333334 0.03148148148148148
3 0.5627604166666667 0.4444444444444444 0.018229166666666668 0.02962962962962963
0 0.5432291666666667 0.5685185185185185 0.022916666666666665 0.03796296296296296
1 0.4953125 0.5685185185185185 0.022916666666666665 0.03796296296296296
3 0.41953125 0.4356481481481482 0.018229166666666668 0.02962962962962963
3 0.3572916666666667 0.49398148148148147 0.019791666666666666 0.025925925925925925
2 0.7489583333333333 0.7175925925925926 0.0078125 0.012962962962962963
2 0.8666666666666667 0.6754629629629629 0.0078125 0.012962962962962963
2 0.9723958333333333 0.6388888888888888 0.0078125 0.012962962962962963
2 0.9596354166666666 0.524074074074074 0.0078125 0.012962962962962963
2 0.8731770833333333 0.47962962962962963 0.0046875 0.007407407407407408
2 0.7984375 0.4398148148148148 0.0046875 0.007407407407407408
2 0.47682291666666665 0.6657407407407407 0.008854166666666666 0.013888888888888888
2 0.41432291666666665 0.5986111111111111 0.008854166666666666 0.013888888888888888
2 0.36302083333333335 0.5412037037037037 0.008854166666666666 0.013888888888888888
2 0.28177083333333336 0.4513888888888889 0.005208333333333333 0.008333333333333333
2 0.24895833333333334 0.4148148148148148 0.005208333333333333 0.008333333333333333
2 0.22057291666666667 0.38333333333333336 0.005208333333333333 0.008333333333333333
2 0.29322916666666665 0.33287037037037037 0.004166666666666667 0.006481481481481481
2 0.3703125 0.32037037037037036 0.004166666666666667 0.006481481481481481
2 0.44244791666666666 0.30972222222222223 0.004166666666666667 0.006481481481481481
2 0.6770833333333334 0.37592592592592594 0.005208333333333333 0.008333333333333333
2 0.6263020833333334 0.3486111111111111 0.005208333333333333 0.008333333333333333
2 0.5809895833333333 0.324537037037037 0.005208333333333333 0.008333333333333333