3 0.36260714285714285 0.6791952380952381 0.01669047619047619 0.027657142857142856
3 0.5449017857142857 0.7144857142857143 0.01450297619047619 0.027023809523809523
3 0.6241785714285714 0.5908190476190476 0.016491071428571428 0.027023809523809523
1 0.5456964285714285 0.4871857142857143 0.01768452380952381 0.027023809523809523
0 0.7189553571428572 0.5490142857142858 0.018080357142857145 0.027976190476190477
2 0.1380029761904762 0.3700095238095238 0.0044136904761904764 0.007638095238095238
2 0.13859821428571428 0.5060428571428571 0.004892857142857143 0.0074476190476190475
2 0.13883630952380951 0.6416952380952381 0.0044136904761904764 0.007638095238095238
2 0.24844047619047618 0.8148619047619048 0.004294642857142857 0.007257142857142857
2 0.33310119047619047 0.8145761904761905 0.004892857142857143 0.0063
2 0.41788392857142853 0.815147619047619 0.004294642857142857 0.00782857142857143
2 0.5865535714285715 0.8154333333333333 0.0044136904761904764 0.008780952380952382
2 0.6713928571428571 0.8153380952380953 0.004654761904761905 0.00782857142857143
2 0.7559374999999999 0.8145761904761905 0.005011904761904762 0.00782857142857143
2 0.8651815476190476 0.6420761904761905 0.004175595238095238 0.007257142857142857
2 0.8657172619047618 0.5060428571428571 0.00525 0.00782857142857143
2 0.8661964285714286 0.3697238095238095 0.004535714285714286 0.0074476190476190475
2 0.7578452380952382 0.19531428571428572 0.003818452380952381 0.007257142857142857
2 0.6727648809523809 0.19455238095238095 0.005011904761904762 0.0084
2 0.5872083333333333 0.19436190476190476 0.004773809523809524 0.007638095238095238
2 0.4173452380952381 0.19436190476190476 0.004654761904761905 0.007257142857142857
2 0.33172916666666663 0.19455238095238095 0.004773809523809524 0.006871428571428571
2 0.24682738095238096 0.1952190476190476 0.004175595238095238 0.007061904761904762