3 0.6356770833333333 0.2462962962962963 0.018229166666666668 0.02962962962962963
4 0.4546875 0.27824074074074073 0.019270833333333334 0.02962962962962963
1 0.5799479166666667 0.3453703703703704 0.019791666666666666 0.032407407407407406
3 0.7151041666666667 0.40925925925925927 0.020833333333333332 0.03425925925925926
3 0.6958333333333333 0.4842592592592593 0.022395833333333334 0.03611111111111111
4 0.7674479166666667 0.7287037037037037 0.024479166666666666 0.032407407407407406
4 0.68671875 0.6064814814814815 0.0234375 0.03888888888888889
3 0.63984375 0.5837962962962963 0.0234375 0.03796296296296296
3 0.5174479166666667 0.5277777777777778 0.022916666666666665 0.037037037037037035
0 0.49583333333333335 0.6050925925925926 0.023958333333333335 0.03888888888888889
3 0.3893229166666667 0.5476851851851852 0.022916666666666665 0.03611111111111111
2 0.35 0.7564814814814815 0.008333333333333333 0.012962962962962963
2 0.49713541666666666 0.7578703703703704 0.008333333333333333 0.012962962962962963
2 0.6434895833333333 0.7587962962962963 0.008333333333333333 0.012962962962962963
2 0.8109375 0.6462962962962963 0.009895833333333333 0.01574074074074074
2 0.7966145833333333 0.5685185185185185 0.009895833333333333 0.01574074074074074
2 0.784375 0.4976851851851852 0.009895833333333333 0.01574074074074074
2 0.18359375 0.6439814814814815 0.0067708333333333336 0.011111111111111112
2 0.19791666666666666 0.5652777777777778 0.0067708333333333336 0.011111111111111112
2 0.2125 0.4949074074074074 0.0067708333333333336 0.011111111111111112
2 0.7614583333333333 0.3731481481481482 0.00625 0.010185185185185186
2 0.7502604166666667 0.31805555555555554 0.00625 0.010185185185185186
2 0.7411458333333333 0.26666666666666666 0.00625 0.010185185185185186
2 0.2359375 0.37037037037037035 0.005729166666666666 0.009259259259259259
2 0.246875 0.3148148148148148 0.005729166666666666 0.009259259259259259
2 0.25677083333333334 0.26342592592592595 0.005729166666666666 0.009259259259259259
2 0.39739583333333334 0.20462962962962963 0.005729166666666666 0.009259259259259259
2 0.4986979166666667 0.2050925925925926 0.005729166666666666 0.009259259259259259
2 0.60078125 0.20601851851851852 0.005729166666666666 0.009259259259259259