3 0.595827380952381 0.6172285714285715 0.021494047619047617 0.03644761904761905
3 0.7281815476190476 0.5296380952380952 0.02130952380952381 0.03291904761904762
4 0.6955744047619048 0.5070095238095238 0.019288690476190477 0.03233333333333334
1 0.5974791666666667 0.4454333333333333 0.01781845238095238 0.030861904761904764
4 0.5312559523809524 0.48613809523809526 0.019473214285714288 0.03174285714285714
3 0.5150922619047619 0.47541428571428573 0.01763392857142857 0.03262380952380953
3 0.45731845238095237 0.4663 0.020389880952380954 0.03203809523809524
3 0.5025982142857143 0.4170714285714286 0.018738095238095238 0.03233333333333334
4 0.5370416666666666 0.4247095238095238 0.01855357142857143 0.030566666666666666
3 0.3359851190476191 0.4679190476190476 0.01763392857142857 0.029980952380952382
3 0.3273511904761905 0.4131 0.01800297619047619 0.029685714285714287
0 0.25442261904761904 0.40134285714285717 0.01763392857142857 0.029685714285714287
4 0.17616666666666667 0.4197142857142857 0.01800297619047619 0.02939047619047619
2 0.15169642857142857 0.4351190476190476 0.004633928571428572 0.006
2 0.1898125 0.47316190476190473 0.004523809523809524 0.006176190476190477
2 0.23168154761904763 0.5143761904761905 0.004633928571428572 0.006352380952380952
2 0.32998214285714284 0.6127 0.005958333333333333 0.006709523809523809
2 0.3882886904761905 0.6697142857142857 0.0062886904761904755 0.006352380952380952
2 0.45398511904761907 0.7355571428571429 0.007059523809523809 0.006352380952380952
2 0.6969196428571429 0.7608 0.0077232142857142855 0.007414285714285714
2 0.7996339285714286 0.7098714285714286 0.006398809523809524 0.006885714285714286
2 0.8941815476190476 0.6633619047619047 0.007059523809523809 0.006352380952380952
2 0.8902083333333333 0.5420047619047619 0.006839285714285714 0.005119047619047619
2 0.8116577380952381 0.4968142857142857 0.006398809523809524 0.0054714285714285715
2 0.7404999999999999 0.4556857142857143 0.0055148809523809525 0.0047666666666666664
2 0.6185892857142857 0.38551904761904765 0.0055148809523809525 0.0038857142857142857
2 0.5655803571428571 0.35436190476190477 0.00518452380952381 0.0054714285714285715
2 0.5164851190476191 0.3260333333333333 0.004083333333333334 0.0038857142857142857
2 0.36886904761904765 0.31817619047619045 0.0049642857142857145 0.005119047619047619
2 0.29396130952380956 0.33927142857142856 0.004744047619047619 0.0035285714285714287
2 0.21535416666666668 0.36142380952380954 0.0055148809523809525 0.003