1 0.5848958333333333 0.6337962962962963 0.016145833333333335 0.027777777777777776
3 0.4359375 0.5921296296296297 0.014583333333333334 0.024074074074074074
3 0.3625 0.5324074074074074 0.013020833333333334 0.020370370370370372
3 0.29453125 0.5125 0.011979166666666667 0.019444444444444445
3 0.26015625 0.5212962962962963 0.0125 0.020370370370370372
3 0.2828125 0.5745370370370371 0.014583333333333334 0.023148148148148147
3 0.2877604166666667 0.6037037037037037 0.015104166666666667 0.024074074074074074
2 0.66484375 0.7328703703703704 0.0067708333333333336 0.011111111111111112
2 0.7294270833333333 0.6967592592592593 0.0067708333333333336 0.011111111111111112
2 0.7854166666666667 0.6648148148148149 0.0067708333333333336 0.011111111111111112
2 0.74609375 0.5953703703703703 0.0067708333333333336 0.011111111111111112
2 0.67734375 0.5712962962962963 0.0067708333333333336 0.011111111111111112
2 0.615625 0.5532407407407407 0.0067708333333333336 0.011111111111111112
2 0.4596354166666667 0.7273148148148149 0.008854166666666666 0.013888888888888888
2 0.3893229166666667 0.6865740740740741 0.008854166666666666 0.013888888888888888
2 0.32890625 0.6523148148148148 0.008854166666666666 0.013888888888888888
2 0.23151041666666666 0.5958333333333333 0.007291666666666667 0.011111111111111112
2 0.18932291666666667 0.5731481481481482 0.007291666666666667 0.011111111111111112
2 0.153125 0.5513888888888889 0.007291666666666667 0.011111111111111112
2 0.19635416666666666 0.5097222222222222 0.005729166666666666 0.009259259259259259
2 0.2565104166666667 0.49583333333333335 0.005729166666666666 0.009259259259259259
2 0.3111979166666667 0.4847222222222222 0.005729166666666666 0.009259259259259259
2 0.5106770833333333 0.5171296296296296 0.004166666666666667 0.006481481481481481
2 0.46458333333333335 0.5009259259259259 0.004166666666666667 0.006481481481481481
2 0.42265625 0.4875 0.004166666666666667 0.006481481481481481