4 0.68359375 0.2337962962962963 0.019270833333333334 0.03148148148148148
0 0.7315104166666667 0.5402777777777777 0.0234375 0.037037037037037035
3 0.6526041666666667 0.3347222222222222 0.019791666666666666 0.032407407407407406
3 0.6106770833333334 0.38287037037037036 0.020833333333333332 0.03425925925925926
3 0.5994791666666667 0.4300925925925926 0.021354166666666667 0.03518518518518519
3 0.49635416666666665 0.32916666666666666 0.019791666666666666 0.032407407407407406
3 0.29192708333333334 0.4583333333333333 0.021875 0.03425925925925926
1 0.2708333333333333 0.5069444444444444 0.022395833333333334 0.03611111111111111
4 0.2669270833333333 0.5643518518518519 0.0234375 0.03888888888888889
3 0.29635416666666664 0.5916666666666667 0.023958333333333335 0.03888888888888889
4 0.40703125 0.625462962962963 0.023958333333333335 0.037037037037037035
4 0.5028645833333333 0.6606481481481481 0.024479166666666666 0.03981481481481482
4 0.4549479166666667 0.6787037037037037 0.025 0.041666666666666664
3 0.3841145833333333 0.7097222222222223 0.026041666666666668 0.041666666666666664
2 0.35 0.7578703703703704 0.0078125 0.012037037037037037
2 0.49661458333333336 0.7583333333333333 0.0078125 0.012037037037037037
2 0.64375 0.7587962962962963 0.0078125 0.012037037037037037
2 0.8114583333333333 0.6476851851851851 0.0078125 0.012962962962962963
2 0.796875 0.5699074074074074 0.0078125 0.012962962962962963
2 0.78359375 0.4976851851851852 0.0078125 0.012962962962962963
2 0.7611979166666667 0.3731481481481482 0.00625 0.010185185185185186
2 0.7502604166666667 0.3162037037037037 0.00625 0.010185185185185186
2 0.74140625 0.2671296296296296 0.00625 0.010185185185185186
2 0.18359375 0.6444444444444445 0.005729166666666666 0.009259259259259259
2 0.19869791666666667 0.5662037037037037 0.005729166666666666 0.009259259259259259
2 0.21197916666666666 0.49444444444444446 0.005729166666666666 0.009259259259259259
2 0.23671875 0.37083333333333335 0.0078125 0.012037037037037037
2 0.24661458333333333 0.31574074074074077 0.0078125 0.012037037037037037
2 0.25677083333333334 0.26435185185185184 0.0078125 0.012037037037037037
2 0.39739583333333334 0.2037037037037037 0.005729166666666666 0.009259259259259259
2 0.49895833333333334 0.20555555555555555 0.005729166666666666 0.009259259259259259
2 0.6002604166666666 0.2064814814814815 0.005729166666666666 0.009259259259259259