4 0.7473958333333334 0.6958333333333333 0.025 0.03981481481481482
0 0.7315104166666667 0.5398148148148149 0.022395833333333334 0.03425925925925926
4 0.6838541666666667 0.2337962962962963 0.019270833333333334 0.030555555555555555
3 0.65234375 0.3347222222222222 0.019791666666666666 0.032407407407407406
3 0.6106770833333334 0.38287037037037036 0.020833333333333332 0.03333333333333333
3 0.5994791666666667 0.42962962962962964 0.021354166666666667 0.03425925925925926
3 0.49661458333333336 0.32916666666666666 0.019791666666666666 0.032407407407407406
4 0.5026041666666666 0.6601851851851852 0.024479166666666666 0.040740740740740744
4 0.4552083333333333 0.6800925925925926 0.025 0.04259259259259259
3 0.384375 0.7092592592592593 0.025520833333333333 0.040740740740740744
4 0.40703125 0.625462962962963 0.023958333333333335 0.03888888888888889
3 0.29192708333333334 0.45740740740740743 0.021875 0.03333333333333333
1 0.33984375 0.5583333333333333 0.0234375 0.03796296296296296
3 0.296875 0.5907407407407408 0.023958333333333335 0.03796296296296296
4 0.2674479166666667 0.5643518518518519 0.0234375 0.03796296296296296
2 0.3497395833333333 0.7574074074074074 0.0078125 0.012962962962962963
2 0.496875 0.7578703703703704 0.0078125 0.012962962962962963
2 0.64375 0.7583333333333333 0.0078125 0.012962962962962963
2 0.8114583333333333 0.6476851851851851 0.0067708333333333336 0.010185185185185186
2 0.796875 0.5685185185185185 0.0067708333333333336 0.010185185185185186
2 0.7838541666666666 0.4976851851851852 0.0067708333333333336 0.010185185185185186
2 0.1828125 0.6449074074074074 0.00625 0.010185185185185186
2 0.19895833333333332 0.5657407407407408 0.00625 0.010185185185185186
2 0.21197916666666666 0.49444444444444446 0.00625 0.010185185185185186
2 0.23645833333333333 0.37037037037037035 0.0067708333333333336 0.011111111111111112
2 0.24739583333333334 0.31712962962962965 0.0067708333333333336 0.011111111111111112
2 0.25703125 0.26342592592592595 0.0067708333333333336 0.011111111111111112
2 0.39739583333333334 0.20555555555555555 0.0046875 0.007407407407407408
2 0.49895833333333334 0.20601851851851852 0.005729166666666666 0.009259259259259259
2 0.6 0.2050925925925926 0.005729166666666666 0.009259259259259259
2 0.7609375 0.3731481481481482 0.0067708333333333336 0.011111111111111112
2 0.7505208333333333 0.3175925925925926 0.0067708333333333336 0.011111111111111112
2 0.7408854166666666 0.2657407407407407 0.0067708333333333336 0.011111111111111112