2 0.48986309523809524 0.6514904761904763 0.003907738095238095 0.004166666666666667
2 0.5651041666666666 0.6265619047619048 0.003720238095238095 0.004019047619047619
2 0.6351845238095237 0.6032761904761905 0.004 0.0035714285714285713
2 0.6611785714285714 0.5308047619047619 0.004092261904761905 0.0035714285714285713
2 0.6225357142857142 0.5006714285714287 0.00362797619047619 0.003423809523809524
2 0.5885416666666666 0.4738095238095238 0.002976190476190476 0.002976190476190476
2 0.5307380952380952 0.4284952380952381 0.002883928571428571 0.0028285714285714286
2 0.5060446428571428 0.40900476190476187 0.0026041666666666665 0.0028285714285714286
2 0.48339880952380954 0.39151904761904766 0.0026964285714285714 0.002976190476190476
2 0.39913392857142854 0.3822190476190476 0.0025119047619047616 0.002528571428571428
2 0.3512827380952381 0.39151904761904766 0.0027916666666666667 0.002976190476190476
2 0.3014791666666667 0.4013380952380952 0.0026964285714285714 0.002680952380952381
2 0.24865178571428573 0.4398809523809524 0.0034404761904761904 0.003276190476190476
2 0.2610684523809524 0.4624238095238095 0.0033482142857142855 0.0031238095238095235
2 0.27492559523809523 0.487352380952381 0.0033482142857142855 0.003276190476190476
2 0.3080357142857143 0.546652380952381 0.003535714285714286 0.003423809523809524
2 0.3278452380952381 0.5823666666666667 0.003720238095238095 0.003719047619047619
2 0.35086607142857146 0.6232904761904763 0.00418452380952381 0.004019047619047619
4 0.39257440476190475 0.589795238095238 0.013321428571428571 0.02312857142857143
4 0.4544345238095238 0.5827666666666667 0.01374702380952381 0.02312857142857143
4 0.45989285714285716 0.5578238095238095 0.013038690476190476 0.021314285714285713
4 0.3472916666666667 0.5122428571428571 0.011761904761904763 0.0195
4 0.4110684523809524 0.4361666666666667 0.0100625 0.01655238095238095
4 0.31625595238095233 0.4951238095238095 0.011479166666666667 0.01881904761904762
4 0.35324404761904765 0.41122380952380955 0.009779761904761904 0.015647619047619046
3 0.3141309523809524 0.42154285714285716 0.009494047619047619 0.01587142857142857
3 0.3244761904761905 0.45068095238095235 0.0100625 0.017461904761904762
3 0.30555654761904766 0.4738095238095238 0.011053571428571428 0.018366666666666667
3 0.4299880952380952 0.4339 0.009636904761904763 0.015647619047619046
3 0.5573273809523809 0.5765285714285715 0.013464285714285715 0.02244761904761905
3 0.6243630952380953 0.5564619047619047 0.012895833333333332 0.021314285714285713
1 0.52225 0.4852619047619047 0.011339285714285715 0.01904761904761905
0 0.4297053571428571 0.5192761904761904 0.01162202380952381 0.01995238095238095