4 0.73515625 0.5259259259259259 0.023958333333333335 0.03888888888888889
4 0.7989583333333333 0.5856481481481481 0.0265625 0.04259259259259259
3 0.7200520833333334 0.6768518518518518 0.0296875 0.049074074074074076
3 0.7197916666666667 0.5527777777777778 0.025 0.03888888888888889
4 0.6721354166666667 0.5740740740740741 0.026041666666666668 0.030555555555555555
4 0.6723958333333333 0.6 0.025 0.03888888888888889
3 0.6651041666666667 0.612037037037037 0.027604166666666666 0.04259259259259259
0 0.6111979166666667 0.6606481481481481 0.0296875 0.04722222222222222
4 0.40911458333333334 0.6773148148148148 0.030208333333333334 0.04814814814814815
4 0.328125 0.5680555555555555 0.025520833333333333 0.04259259259259259
3 0.30390625 0.5342592592592592 0.024479166666666666 0.03796296296296296
3 0.4744791666666667 0.4074074074074074 0.01875 0.02962962962962963
4 0.44192708333333336 0.39351851851851855 0.017708333333333333 0.02962962962962963
3 0.3880208333333333 0.4115740740740741 0.01875 0.030555555555555555
1 0.28932291666666665 0.39814814814814814 0.01875 0.030555555555555555
3 0.26197916666666665 0.3976851851851852 0.01875 0.02962962962962963
2 0.6028645833333334 0.7615740740740741 0.011979166666666667 0.018518518518518517
2 0.7677083333333333 0.7273148148148149 0.011979166666666667 0.018518518518518517
2 0.91640625 0.6953703703703704 0.011979166666666667 0.018518518518518517
2 0.9473958333333333 0.5810185185185185 0.00625 0.010185185185185186
2 0.8572916666666667 0.5314814814814814 0.00625 0.010185185185185186
2 0.7815104166666667 0.49027777777777776 0.00625 0.010185185185185186
2 0.29635416666666664 0.7 0.007291666666666667 0.011111111111111112
2 0.25286458333333334 0.6305555555555555 0.007291666666666667 0.011111111111111112
2 0.215625 0.5740740740740741 0.007291666666666667 0.011111111111111112
2 0.15963541666666667 0.48657407407407405 0.0067708333333333336 0.011111111111111112
2 0.13671875 0.45 0.0067708333333333336 0.011111111111111112
2 0.1171875 0.4203703703703704 0.0067708333333333336 0.011111111111111112
2 0.22213541666666667 0.3736111111111111 0.005729166666666666 0.009259259259259259
2 0.31588541666666664 0.36435185185185187 0.005729166666666666 0.009259259259259259
2 0.40546875 0.35555555555555557 0.005729166666666666 0.009259259259259259
2 0.5640625 0.3731481481481482 0.004166666666666667 0.007407407407407408
2 0.6083333333333333 0.3972222222222222 0.004166666666666667 0.007407407407407408
2 0.65859375 0.425 0.004166666666666667 0.007407407407407408