4 0.7046875 0.5324074074074074 0.022916666666666665 0.03796296296296296
4 0.6869791666666667 0.6194444444444445 0.024479166666666666 0.040740740740740744
3 0.65625 0.5634259259259259 0.0234375 0.03888888888888889
4 0.5846354166666666 0.5833333333333334 0.0234375 0.03796296296296296
4 0.5609375 0.6101851851851852 0.022916666666666665 0.040740740740740744
3 0.5432291666666667 0.6203703703703703 0.024479166666666666 0.03888888888888889
3 0.5213541666666667 0.6990740740740741 0.025520833333333333 0.040740740740740744
0 0.45286458333333335 0.6620370370370371 0.025 0.040740740740740744
4 0.2872395833333333 0.6402777777777777 0.024479166666666666 0.03981481481481482
4 0.31276041666666665 0.5046296296296297 0.022395833333333334 0.03796296296296296
3 0.321875 0.45787037037037037 0.021875 0.03611111111111111
3 0.6109375 0.3050925925925926 0.019270833333333334 0.03333333333333333
4 0.5971354166666667 0.27361111111111114 0.019270833333333334 0.03148148148148148
3 0.5213541666666667 0.29398148148148145 0.019270833333333334 0.03148148148148148
1 0.4432291666666667 0.25277777777777777 0.01875 0.030555555555555555
3 0.4171875 0.24814814814814815 0.018229166666666668 0.030555555555555555
2 0.3489583333333333 0.7574074074074074 0.008854166666666666 0.013888888888888888
2 0.49713541666666666 0.7574074074074074 0.008854166666666666 0.013888888888888888
2 0.64375 0.7583333333333333 0.008854166666666666 0.013888888888888888
2 0.8109375 0.6472222222222223 0.00625 0.010185185185185186
2 0.7971354166666667 0.5685185185185185 0.00625 0.010185185185185186
2 0.78359375 0.49907407407407406 0.00625 0.010185185185185186
2 0.7609375 0.3731481481481482 0.005208333333333333 0.008333333333333333
2 0.7502604166666667 0.3175925925925926 0.005208333333333333 0.008333333333333333
2 0.7408854166666666 0.2675925925925926 0.005208333333333333 0.008333333333333333
2 0.6005208333333333 0.2064814814814815 0.00625 0.010185185185185186
2 0.49921875 0.2050925925925926 0.00625 0.010185185185185186
2 0.39791666666666664 0.2050925925925926 0.00625 0.010185185185185186
2 0.25677083333333334 0.2638888888888889 0.005729166666666666 0.009259259259259259
2 0.246875 0.31527777777777777 0.005729166666666666 0.009259259259259259
2 0.23567708333333334 0.37037037037037035 0.005729166666666666 0.009259259259259259
2 0.1828125 0.6439814814814815 0.00625 0.010185185185185186
2 0.19869791666666667 0.5652777777777778 0.00625 0.010185185185185186
2 0.2125 0.4949074074074074 0.00625 0.010185185185185186