3 0.8255208333333334 0.4305555555555556 0.015104166666666667 0.023148148148148147
3 0.7619791666666667 0.5643518518518519 0.015625 0.025
3 0.7721354166666666 0.487962962962963 0.015104166666666667 0.024074074074074074
4 0.721875 0.41435185185185186 0.015625 0.025
0 0.6838541666666667 0.38981481481481484 0.015625 0.024074074074074074
3 0.6341145833333334 0.7138888888888889 0.014583333333333334 0.023148148148148147
1 0.6481770833333333 0.6069444444444444 0.015625 0.025
3 0.6247395833333333 0.4152777777777778 0.015104166666666667 0.024074074074074074
3 0.5809895833333333 0.6592592592592592 0.015104166666666667 0.024074074074074074
3 0.39375 0.42453703703703705 0.015104166666666667 0.025925925925925925
4 0.27265625 0.31851851851851853 0.015625 0.024074074074074074
2 0.5864583333333333 0.8148148148148148 0.0067708333333333336 0.011111111111111112
2 0.6713541666666667 0.8143518518518519 0.0067708333333333336 0.011111111111111112
2 0.75625 0.8143518518518519 0.0067708333333333336 0.011111111111111112
2 0.8643229166666667 0.6416666666666667 0.0067708333333333336 0.011111111111111112
2 0.865625 0.5050925925925925 0.0046875 0.007407407407407408
2 0.8658854166666666 0.36944444444444446 0.0046875 0.007407407407407408
2 0.75859375 0.19444444444444445 0.005729166666666666 0.009259259259259259
2 0.67265625 0.19490740740740742 0.005729166666666666 0.009259259259259259
2 0.5875 0.19444444444444445 0.005729166666666666 0.009259259259259259
2 0.41744791666666664 0.19398148148148148 0.007291666666666667 0.011111111111111112
2 0.3328125 0.19490740740740742 0.007291666666666667 0.011111111111111112
2 0.246875 0.19537037037037036 0.007291666666666667 0.011111111111111112
2 0.1390625 0.6407407407407407 0.0078125 0.012962962962962963
2 0.13828125 0.5055555555555555 0.0078125 0.012962962962962963
2 0.13802083333333334 0.36898148148148147 0.0078125 0.012962962962962963
2 0.2484375 0.8138888888888889 0.0046875 0.007407407407407408
2 0.33307291666666666 0.8152777777777778 0.0046875 0.007407407407407408
2 0.4171875 0.8143518518518519 0.0046875 0.007407407407407408