3 0.6479166666666667 0.625 0.023958333333333335 0.03796296296296296
3 0.6544270833333333 0.562037037037037 0.0234375 0.03796296296296296
3 0.6533854166666667 0.5050925925925925 0.022395833333333334 0.03611111111111111
3 0.2981770833333333 0.6402777777777777 0.024479166666666666 0.03888888888888889
3 0.41744791666666664 0.5856481481481481 0.0234375 0.03888888888888889
3 0.33151041666666664 0.5069444444444444 0.022395833333333334 0.03611111111111111
1 0.35234375 0.38333333333333336 0.026041666666666668 0.03611111111111111
3 0.5505208333333333 0.26805555555555555 0.018229166666666668 0.03148148148148148
0 0.4322916666666667 0.37916666666666665 0.020833333333333332 0.032407407407407406
2 0.3489583333333333 0.7560185185185185 0.009375 0.014814814814814815
2 0.49765625 0.7578703703703704 0.009375 0.014814814814814815
2 0.64375 0.7587962962962963 0.009375 0.014814814814814815
2 0.8111979166666666 0.6481481481481481 0.008854166666666666 0.013888888888888888
2 0.7973958333333333 0.5689814814814815 0.008854166666666666 0.013888888888888888
2 0.784375 0.4976851851851852 0.008854166666666666 0.013888888888888888
2 0.7609375 0.3726851851851852 0.005729166666666666 0.009259259259259259
2 0.7502604166666667 0.31805555555555554 0.005729166666666666 0.009259259259259259
2 0.7411458333333333 0.26666666666666666 0.005729166666666666 0.009259259259259259
2 0.18359375 0.6435185185185185 0.00625 0.010185185185185186
2 0.19869791666666667 0.5657407407407408 0.00625 0.010185185185185186
2 0.21197916666666666 0.49444444444444446 0.00625 0.010185185185185186
2 0.23619791666666667 0.37083333333333335 0.005729166666666666 0.009259259259259259
2 0.24661458333333333 0.3162037037037037 0.005729166666666666 0.009259259259259259
2 0.25703125 0.26481481481481484 0.005729166666666666 0.009259259259259259
2 0.39765625 0.20462962962962963 0.005208333333333333 0.008333333333333333
2 0.49947916666666664 0.20462962962962963 0.005208333333333333 0.008333333333333333
2 0.6005208333333333 0.2064814814814815 0.005208333333333333 0.008333333333333333