1 0.81875 0.7208333333333333 0.016145833333333335 0.025
3 0.7401041666666667 0.7023148148148148 0.014583333333333334 0.023148148148148147
3 0.5901041666666667 0.6847222222222222 0.015104166666666667 0.024074074074074074
4 0.61171875 0.6203703703703703 0.015104166666666667 0.025
3 0.68125 0.587037037037037 0.015104166666666667 0.023148148148148147
4 0.7505208333333333 0.3537037037037037 0.016145833333333335 0.024074074074074074
3 0.7244791666666667 0.35462962962962963 0.015104166666666667 0.024074074074074074
3 0.6533854166666667 0.34074074074074073 0.015104166666666667 0.024074074074074074
3 0.5864583333333333 0.33564814814814814 0.014583333333333334 0.024074074074074074
4 0.49609375 0.23981481481481481 0.015104166666666667 0.025925925925925925
4 0.5265625 0.4439814814814815 0.014583333333333334 0.025
0 0.41744791666666664 0.5833333333333334 0.015625 0.024074074074074074
4 0.22604166666666667 0.6064814814814815 0.015625 0.024074074074074074
3 0.23880208333333333 0.4398148148148148 0.016145833333333335 0.025
2 0.7559895833333333 0.8152777777777778 0.0078125 0.012037037037037037
2 0.6705729166666666 0.8143518518518519 0.0078125 0.012037037037037037
2 0.5864583333333333 0.8152777777777778 0.0078125 0.012037037037037037
2 0.86484375 0.6425925925925926 0.008333333333333333 0.013888888888888888
2 0.865625 0.5050925925925925 0.008333333333333333 0.013888888888888888
2 0.8661458333333333 0.36898148148148147 0.008333333333333333 0.013888888888888888
2 0.7572916666666667 0.19583333333333333 0.005729166666666666 0.009259259259259259
2 0.67265625 0.19444444444444445 0.005729166666666666 0.009259259259259259
2 0.5869791666666667 0.19398148148148148 0.005729166666666666 0.009259259259259259
2 0.41796875 0.8152777777777778 0.005208333333333333 0.008333333333333333
2 0.33255208333333336 0.8148148148148148 0.005208333333333333 0.008333333333333333
2 0.24817708333333333 0.8143518518518519 0.005208333333333333 0.008333333333333333
2 0.1390625 0.6393518518518518 0.008333333333333333 0.012962962962962963
2 0.13932291666666666 0.5050925925925925 0.008333333333333333 0.012962962962962963
2 0.1375 0.3699074074074074 0.008333333333333333 0.012962962962962963
2 0.4171875 0.1935185185185185 0.004166666666666667 0.006481481481481481
2 0.33229166666666665 0.19398148148148148 0.005208333333333333 0.008333333333333333
2 0.246875 0.19583333333333333 0.005208333333333333 0.008333333333333333