4 0.5955729166666667 0.7384259259259259 0.021354166666666667 0.03518518518518519
4 0.66796875 0.6884259259259259 0.020833333333333332 0.03333333333333333
3 0.69375 0.6805555555555556 0.019791666666666666 0.032407407407407406
3 0.7635416666666667 0.5935185185185186 0.017708333333333333 0.02962962962962963
0 0.6549479166666666 0.6138888888888889 0.017708333333333333 0.02962962962962963
3 0.6864583333333333 0.5745370370370371 0.0171875 0.02962962962962963
4 0.6330729166666667 0.4875 0.015104166666666667 0.024074074074074074
4 0.5502604166666667 0.47638888888888886 0.015625 0.025
3 0.5203125 0.44166666666666665 0.013541666666666667 0.023148148148148147
3 0.45859375 0.4722222222222222 0.014583333333333334 0.024074074074074074
3 0.43645833333333334 0.48564814814814816 0.015104166666666667 0.025
4 0.40651041666666665 0.46111111111111114 0.0140625 0.025
1 0.4466145833333333 0.36898148148148147 0.013020833333333334 0.020370370370370372
4 0.24973958333333332 0.4685185185185185 0.015104166666666667 0.025
2 0.66640625 0.7560185185185185 0.00625 0.010185185185185186
2 0.7510416666666667 0.7064814814814815 0.00625 0.010185185185185186
2 0.8255208333333334 0.6625 0.00625 0.010185185185185186
2 0.8049479166666667 0.5523148148148148 0.005208333333333333 0.008333333333333333
2 0.73359375 0.5106481481481482 0.005208333333333333 0.008333333333333333
2 0.6700520833333333 0.47453703703703703 0.005208333333333333 0.008333333333333333
2 0.5640625 0.412962962962963 0.004166666666666667 0.006481481481481481
2 0.51796875 0.38657407407407407 0.004166666666666667 0.006481481481481481
2 0.47630208333333335 0.36342592592592593 0.004166666666666667 0.006481481481481481
2 0.44609375 0.7287037037037037 0.005208333333333333 0.008333333333333333
2 0.38307291666666665 0.663425925925926 0.005208333333333333 0.007407407407407408
2 0.3302083333333333 0.6087962962962963 0.005208333333333333 0.008333333333333333
2 0.24322916666666666 0.5185185185185185 0.005729166666666666 0.009259259259259259
2 0.20703125 0.48009259259259257 0.005729166666666666 0.009259259259259259
2 0.17473958333333334 0.44583333333333336 0.005729166666666666 0.009259259259259259
2 0.22890625 0.3861111111111111 0.005208333333333333 0.008333333333333333
2 0.29453125 0.36944444444444446 0.0036458333333333334 0.005555555555555556
2 0.35625 0.3537037037037037 0.0036458333333333334 0.005555555555555556