4 0.7596354166666667 0.5995370370370371 0.0171875 0.027777777777777776
0 0.5526041666666667 0.562037037037037 0.015625 0.025
1 0.534375 0.5092592592592593 0.015104166666666667 0.024074074074074074
4 0.5348958333333333 0.4773148148148148 0.015104166666666667 0.021296296296296296
4 0.48828125 0.524537037037037 0.015625 0.025925925925925925
4 0.42682291666666666 0.6268518518518519 0.01875 0.02962962962962963
4 0.3453125 0.5203703703703704 0.015104166666666667 0.025
4 0.31875 0.44212962962962965 0.013020833333333334 0.019444444444444445
2 0.62109375 0.7666666666666667 0.007291666666666667 0.012037037037037037
2 0.7125 0.7240740740740741 0.007291666666666667 0.012037037037037037
2 0.7942708333333334 0.6851851851851852 0.007291666666666667 0.012037037037037037
2 0.78671875 0.5819444444444445 0.0046875 0.007407407407407408
2 0.7205729166666667 0.5421296296296296 0.0046875 0.007407407407407408
2 0.6630208333333333 0.5064814814814815 0.0046875 0.007407407407407408
2 0.4075520833333333 0.7305555555555555 0.0078125 0.012962962962962963
2 0.35703125 0.6689814814814815 0.0078125 0.012962962962962963
2 0.3145833333333333 0.6148148148148148 0.0078125 0.012962962962962963
2 0.24739583333333334 0.5314814814814814 0.005208333333333333 0.008333333333333333
2 0.22057291666666667 0.49583333333333335 0.005208333333333333 0.008333333333333333
2 0.19583333333333333 0.46620370370370373 0.005208333333333333 0.008333333333333333
2 0.5674479166666667 0.4476851851851852 0.0036458333333333334 0.005555555555555556
2 0.52734375 0.42314814814814816 0.0036458333333333334 0.005555555555555556
2 0.49114583333333334 0.4013888888888889 0.0036458333333333334 0.005555555555555556
2 0.37916666666666665 0.3907407407407407 0.003125 0.005555555555555556
2 0.31953125 0.40185185185185185 0.003125 0.005555555555555556
2 0.2557291666666667 0.4148148148148148 0.003125 0.005555555555555556