3 0.496875 0.674074074074074 0.018229166666666668 0.02962962962962963
3 0.52578125 0.625 0.016145833333333335 0.027777777777777776
4 0.5216145833333333 0.5912037037037037 0.015625 0.026851851851851852
0 0.54140625 0.6046296296296296 0.016145833333333335 0.025925925925925925
3 0.5604166666666667 0.5722222222222222 0.014583333333333334 0.024074074074074074
3 0.56640625 0.5893518518518519 0.015625 0.025
4 0.6661458333333333 0.638425925925926 0.0171875 0.028703703703703703
3 0.6770833333333334 0.6166666666666667 0.016666666666666666 0.025925925925925925
4 0.67109375 0.5907407407407408 0.016145833333333335 0.026851851851851852
3 0.62734375 0.575 0.015104166666666667 0.025
4 0.5630208333333333 0.4689814814814815 0.013020833333333334 0.020370370370370372
4 0.5059895833333333 0.4337962962962963 0.011979166666666667 0.019444444444444445
4 0.43515625 0.5097222222222222 0.0140625 0.023148148148148147
4 0.38125 0.5231481481481481 0.013541666666666667 0.024074074074074074
3 0.3143229166666667 0.5101851851851852 0.0140625 0.023148148148148147
1 0.2877604166666667 0.48055555555555557 0.013541666666666667 0.022222222222222223
2 0.61796875 0.7425925925925926 0.005729166666666666 0.009259259259259259
2 0.6989583333333333 0.700462962962963 0.005729166666666666 0.009259259259259259
2 0.77109375 0.6638888888888889 0.005729166666666666 0.009259259259259259
2 0.7619791666666667 0.5662037037037037 0.0046875 0.007407407407407408
2 0.7002604166666667 0.5282407407407408 0.0046875 0.007407407407407408
2 0.64765625 0.49583333333333335 0.0046875 0.007407407407407408
2 0.5583333333333333 0.44027777777777777 0.0036458333333333334 0.006481481481481481
2 0.5200520833333333 0.41712962962962963 0.0036458333333333334 0.006481481481481481
2 0.4859375 0.3958333333333333 0.0036458333333333334 0.006481481481481481
2 0.42265625 0.7106481481481481 0.0046875 0.007407407407407408
2 0.37447916666666664 0.6518518518518519 0.0046875 0.007407407407407408
2 0.3333333333333333 0.6023148148148149 0.0046875 0.007407407407407408
2 0.2671875 0.5226851851851851 0.0036458333333333334 0.005555555555555556
2 0.23984375 0.4898148148148148 0.0036458333333333334 0.005555555555555556
2 0.21614583333333334 0.46064814814814814 0.0036458333333333334 0.005555555555555556
2 0.26953125 0.4101851851851852 0.0036458333333333334 0.005555555555555556
2 0.32760416666666664 0.39675925925925926 0.0036458333333333334 0.005555555555555556
2 0.38203125 0.38564814814814813 0.0036458333333333334 0.005555555555555556