3 0.6778645833333333 0.7972222222222223 0.023958333333333335 0.03888888888888889
4 0.75390625 0.8069444444444445 0.023958333333333335 0.03888888888888889
4 0.7294270833333333 0.7569444444444444 0.022916666666666665 0.037037037037037035
3 0.7072916666666667 0.7407407407407407 0.022916666666666665 0.03611111111111111
0 0.7018229166666666 0.6930555555555555 0.021875 0.03425925925925926
4 0.7682291666666666 0.6800925925925926 0.020833333333333332 0.03425925925925926
4 0.7213541666666666 0.6444444444444445 0.019791666666666666 0.03148148148148148
3 0.5278645833333333 0.7449074074074075 0.022395833333333334 0.037037037037037035
3 0.6234375 0.5541666666666667 0.0171875 0.028703703703703703
4 0.5255208333333333 0.5069444444444444 0.015625 0.025
1 0.5015625 0.44537037037037036 0.014583333333333334 0.023148148148148147
4 0.38046875 0.4898148148148148 0.015625 0.025925925925925925
3 0.3416666666666667 0.4685185185185185 0.015104166666666667 0.024074074074074074
3 0.2390625 0.5152777777777777 0.016666666666666666 0.025925925925925925
2 0.79921875 0.8587962962962963 0.008333333333333333 0.012962962962962963
2 0.8919270833333334 0.8064814814814815 0.008333333333333333 0.012962962962962963
2 0.9747395833333333 0.7592592592592593 0.008333333333333333 0.012962962962962963
2 0.9372395833333333 0.6393518518518518 0.008333333333333333 0.012962962962962963
2 0.85 0.5962962962962963 0.007291666666666667 0.011111111111111112
2 0.7731770833333333 0.5550925925925926 0.007291666666666667 0.011111111111111112
2 0.64375 0.4898148148148148 0.007291666666666667 0.011111111111111112
2 0.58828125 0.462037037037037 0.007291666666666667 0.011111111111111112
2 0.53828125 0.4361111111111111 0.007291666666666667 0.011111111111111112
2 0.53984375 0.8273148148148148 0.009375 0.01574074074074074
2 0.459375 0.7569444444444444 0.009375 0.01574074074074074
2 0.39296875 0.6953703703703704 0.009375 0.01574074074074074
2 0.28463541666666664 0.5990740740740741 0.009375 0.01574074074074074
2 0.24010416666666667 0.5583333333333333 0.009375 0.01574074074074074
2 0.20130208333333333 0.5222222222222223 0.00625 0.010185185185185186
2 0.25703125 0.4587962962962963 0.0036458333333333334 0.006481481481481481
2 0.33098958333333334 0.44166666666666665 0.0036458333333333334 0.006481481481481481
2 0.39947916666666666 0.42592592592592593 0.0036458333333333334 0.006481481481481481