0 0.3776041666666667 0.6064814814814815 0.011979166666666667 0.016666666666666666
3 0.41041666666666665 0.586574074074074 0.011979166666666667 0.018518518518518517
3 0.415625 0.5615740740740741 0.0109375 0.017592592592592594
1 0.46432291666666664 0.5675925925925925 0.0109375 0.018518518518518517
3 0.4861979166666667 0.549537037037037 0.010416666666666666 0.017592592592592594
3 0.5283854166666667 0.5583333333333333 0.0109375 0.017592592592592594
3 0.534375 0.49537037037037035 0.008333333333333333 0.014814814814814815
3 0.4869791666666667 0.5097222222222222 0.008854166666666666 0.014814814814814815
3 0.4 0.5157407407407407 0.009375 0.014814814814814815
2 0.5682291666666667 0.6180555555555556 0.0036458333333333334 0.005555555555555556
2 0.49635416666666665 0.6189814814814815 0.0036458333333333334 0.005555555555555556
2 0.42421875 0.6199074074074075 0.0036458333333333334 0.005555555555555556
2 0.6486979166666667 0.5884259259259259 0.0036458333333333334 0.005555555555555556
2 0.6408854166666667 0.5680555555555555 0.0036458333333333334 0.005555555555555556
2 0.6338541666666667 0.55 0.0036458333333333334 0.005555555555555556
2 0.6221354166666667 0.5189814814814815 0.0026041666666666665 0.003703703703703704
2 0.6169270833333333 0.5055555555555555 0.0026041666666666665 0.003703703703703704
2 0.6119791666666666 0.4930555555555556 0.0026041666666666665 0.003703703703703704
2 0.3455729166666667 0.5907407407407408 0.003125 0.004629629629629629
2 0.3533854166666667 0.5699074074074074 0.003125 0.004629629629629629
2 0.3609375 0.5518518518518518 0.003125 0.004629629629629629
2 0.37395833333333334 0.5203703703703704 0.003125 0.004629629629629629
2 0.3802083333333333 0.5064814814814815 0.003125 0.004629629629629629
2 0.3854166666666667 0.49444444444444446 0.003125 0.004629629629629629
2 0.4510416666666667 0.47962962962962963 0.0020833333333333333 0.003703703703703704
2 0.49895833333333334 0.4791666666666667 0.0020833333333333333 0.003703703703703704