4 0.4067589285714286 0.31489999999999996 0.016607142857142855 0.026814285714285714
1 0.4748541666666667 0.39425714285714286 0.016910714285714286 0.027538095238095237
4 0.38169345238095237 0.5812380952380952 0.016607142857142855 0.028504761904761904
4 0.4839880952380953 0.5701285714285714 0.01585416666666667 0.02560952380952381
3 0.5141845238095238 0.7054095238095237 0.016458333333333332 0.02560952380952381
4 0.6693244047619047 0.7305333333333333 0.016607142857142855 0.02560952380952381
3 0.830202380952381 0.6444142857142857 0.016154761904761904 0.02536666666666667
4 0.7411934523809524 0.5597380952380953 0.016607142857142855 0.025123809523809524
4 0.8305773809523809 0.5373904761904762 0.01811904761904762 0.026333333333333334
0 0.7071458333333334 0.47772380952380955 0.01675892857142857 0.027299999999999998
3 0.7486696428571429 0.3431619047619048 0.016154761904761904 0.027299999999999998
4 0.7931339285714285 0.3502904761904762 0.01600595238095238 0.02560952380952381
2 0.1376875 0.35330952380952385 0.004526785714285715 0.007995238095238095
2 0.1375922619047619 0.49069047619047623 0.004148809523809523 0.006338095238095238
2 0.13773511904761906 0.6287571428571429 0.004622023809523809 0.006638095238095238
2 0.24717559523809524 0.8034857142857142 0.004714285714285714 0.006338095238095238
2 0.3336071428571429 0.8030333333333333 0.0048095238095238095 0.007242857142857143
2 0.4197559523809524 0.8022809523809523 0.004339285714285714 0.007242857142857143
2 0.5916755952380952 0.8009952380952381 0.003961309523809524 0.0067904761904761905
2 0.6779196428571428 0.8004666666666667 0.004244047619047619 0.007847619047619048
2 0.7637827380952381 0.7996380952380953 0.004714285714285714 0.0070904761904761904
2 0.8728005952380953 0.6227190476190476 0.004148809523809523 0.007242857142857143
2 0.8721875 0.4852619047619047 0.004997023809523809 0.007847619047619048
2 0.8711041666666666 0.34787619047619045 0.004526785714285715 0.0067904761904761905
2 0.7609553571428571 0.17397619047619048 0.004148809523809523 0.007847619047619048
2 0.6754196428571428 0.17427619047619047 0.004148809523809523 0.007542857142857143
2 0.5898363095238095 0.17435238095238095 0.004622023809523809 0.0070904761904761904
2 0.41923809523809524 0.17586190476190477 0.004431547619047619 0.0067904761904761905
2 0.333702380952381 0.1766142857142857 0.004997023809523809 0.007395238095238095
2 0.24778869047619048 0.17684285714285713 0.004431547619047619 0.006338095238095238