3 0.47161458333333334 0.6995370370370371 0.020833333333333332 0.03518518518518519
3 0.5244791666666667 0.6023148148148149 0.017708333333333333 0.028703703703703703
3 0.5354166666666667 0.6287037037037037 0.018229166666666668 0.030555555555555555
0 0.6229166666666667 0.6847222222222222 0.020833333333333332 0.03333333333333333
3 0.6778645833333333 0.6986111111111111 0.020833333333333332 0.03333333333333333
4 0.6541666666666667 0.5458333333333333 0.016145833333333335 0.026851851851851852
4 0.5864583333333333 0.5509259259259259 0.016145833333333335 0.026851851851851852
1 0.5143229166666666 0.46805555555555556 0.0140625 0.023148148148148147
4 0.48463541666666665 0.4513888888888889 0.013541666666666667 0.023148148148148147
4 0.43828125 0.45231481481481484 0.013541666666666667 0.023148148148148147
3 0.4236979166666667 0.4689814814814815 0.0140625 0.024074074074074074
4 0.32526041666666666 0.5152777777777777 0.015625 0.025
2 0.70546875 0.8666666666666667 0.00625 0.009259259259259259
2 0.8104166666666667 0.8171296296296297 0.00625 0.009259259259259259
2 0.9044270833333333 0.7759259259259259 0.00625 0.009259259259259259
2 0.8908854166666667 0.6541666666666667 0.00625 0.009259259259259259
2 0.8125 0.6050925925925926 0.0046875 0.007407407407407408
2 0.74375 0.5638888888888889 0.0046875 0.007407407407407408
2 0.63046875 0.49444444444444446 0.0046875 0.007407407407407408
2 0.4552083333333333 0.8194444444444444 0.005729166666666666 0.009259259259259259
2 0.39479166666666665 0.7453703703703703 0.005729166666666666 0.009259259259259259
2 0.34479166666666666 0.6842592592592592 0.005729166666666666 0.009259259259259259
2 0.26510416666666664 0.5861111111111111 0.0046875 0.007407407407407408
2 0.23255208333333333 0.5449074074074074 0.0046875 0.007407407407407408
2 0.20364583333333333 0.5106481481481482 0.0046875 0.007407407407407408
2 0.2703125 0.4513888888888889 0.004166666666666667 0.006481481481481481
2 0.3421875 0.43796296296296294 0.004166666666666667 0.006481481481481481
2 0.40989583333333335 0.42453703703703705 0.004166666666666667 0.006481481481481481
2 0.5828125 0.4648148148148148 0.003125 0.004629629629629629
2 0.5403645833333334 0.4388888888888889 0.004166666666666667 0.006481481481481481