3 0.3660267857142857 0.6042285714285714 0.016261904761904762 0.026847619047619047
4 0.33356547619047616 0.5149142857142857 0.013550595238095238 0.023333333333333334
3 0.43797916666666664 0.48755238095238096 0.01380952380952381 0.0223
1 0.4378511904761905 0.5896666666666667 0.015616071428571429 0.024161904761904763
3 0.49438095238095237 0.5595190476190476 0.014327380952380953 0.024576190476190477
1 0.539875 0.6347904761904761 0.015747023809523808 0.02436666666666667
4 0.49747916666666664 0.7149142857142857 0.018973214285714284 0.03139047619047619
3 0.5387797619047618 0.7260619047619048 0.01819940476190476 0.02106190476190476
4 0.5622678571428571 0.5901857142857143 0.015360119047619048 0.02436666666666667
4 0.546779761904762 0.5458904761904761 0.014842261904761903 0.02168095238095238
4 0.5538571428571428 0.5154952380952381 0.013723214285714285 0.02290952380952381
3 0.6030803571428571 0.5514809523809523 0.014556547619047618 0.0231
3 0.5364583333333334 0.4810380952380952 0.012354166666666666 0.02142857142857143
3 0.49902083333333336 0.46594761904761905 0.012166666666666668 0.019614285714285713
4 0.5003392857142858 0.4423333333333333 0.012354166666666666 0.019466666666666667
2 0.5335684523809524 0.7517476190476191 0.005089285714285715 0.005957142857142857
2 0.6175833333333333 0.7222619047619048 0.0053363095238095236 0.006157142857142857
2 0.6967619047619047 0.6951619047619048 0.005583333333333333 0.006752380952380952
2 0.7268333333333333 0.6009619047619048 0.003886904761904762 0.00438095238095238
2 0.6826815476190476 0.5603380952380953 0.004904761904761905 0.004895238095238095
2 0.6440089285714286 0.5237428571428571 0.004139880952380952 0.004076190476190476
2 0.5771785714285714 0.4616142857142857 0.0037589285714285715 0.0035666666666666668
2 0.5486279761904762 0.4343714285714286 0.0036785714285714286 0.003642857142857143
2 0.5223154761904762 0.4105904761904762 0.0037291666666666667 0.003795238095238095
2 0.4246398809523809 0.3961809523809524 0.0036785714285714286 0.0041047619047619045
2 0.3699315476190476 0.4083428571428571 0.0037767857142857143 0.004261904761904762
2 0.31261011904761904 0.4201571428571429 0.0034851190476190477 0.0038714285714285717
2 0.25431845238095235 0.47124285714285713 0.003970238095238095 0.004723809523809523
2 0.2699077380952381 0.5014952380952381 0.0037767857142857143 0.004180952380952381
2 0.28683035714285715 0.5343761904761904 0.004116071428571429 0.004880952380952381
2 0.32672321428571427 0.6125380952380952 0.004211309523809524 0.004571428571428571
2 0.3507619047619047 0.6596714285714286 0.004648809523809524 0.005733333333333333
2 0.3775565476190476 0.7125 0.004791666666666667 0.005576190476190477