4 0.7809895833333333 0.5407407407407407 0.0171875 0.026851851851851852
3 0.7473958333333334 0.5550925925925926 0.016666666666666666 0.027777777777777776
3 0.6875 0.5407407407407407 0.016666666666666666 0.026851851851851852
0 0.6815104166666667 0.4930555555555556 0.015625 0.025
3 0.4921875 0.6486111111111111 0.018229166666666668 0.030555555555555555
4 0.6510416666666666 0.46111111111111114 0.014583333333333334 0.023148148148148147
4 0.6067708333333334 0.4305555555555556 0.0140625 0.023148148148148147
4 0.5596354166666667 0.5009259259259259 0.015625 0.025925925925925925
3 0.48723958333333334 0.4703703703703704 0.014583333333333334 0.023148148148148147
1 0.51640625 0.35462962962962963 0.0125 0.020370370370370372
3 0.49895833333333334 0.35138888888888886 0.011979166666666667 0.020370370370370372
3 0.4510416666666667 0.29814814814814816 0.0109375 0.019444444444444445
3 0.39505208333333336 0.3189814814814815 0.011458333333333333 0.019444444444444445
4 0.36614583333333334 0.32175925925925924 0.011458333333333333 0.019444444444444445
4 0.3888020833333333 0.41712962962962963 0.013541666666666667 0.022222222222222223
4 0.36328125 0.5111111111111111 0.016666666666666666 0.025925925925925925
2 0.6419270833333334 0.7148148148148148 0.0078125 0.012962962962962963
2 0.7244791666666667 0.6694444444444444 0.0078125 0.012962962962962963
2 0.80078125 0.6296296296296297 0.0078125 0.012962962962962963
2 0.44505208333333335 0.6777777777777778 0.0078125 0.012962962962962963
2 0.79375 0.5138888888888888 0.0078125 0.012962962962962963
2 0.7317708333333334 0.4685185185185185 0.005208333333333333 0.008333333333333333
2 0.6763020833333333 0.42916666666666664 0.0046875 0.007407407407407408
2 0.39557291666666666 0.611574074074074 0.0125 0.019444444444444445
2 0.35260416666666666 0.5546296296296296 0.0125 0.019444444444444445
2 0.28098958333333335 0.45925925925925926 0.0125 0.019444444444444445
2 0.25234375 0.4203703703703704 0.009895833333333333 0.01574074074074074
2 0.225 0.3861111111111111 0.009895833333333333 0.01574074074074074
2 0.27890625 0.32407407407407407 0.009895833333333333 0.01574074074074074
2 0.3390625 0.3087962962962963 0.009895833333333333 0.01574074074074074
2 0.39609375 0.29398148148148145 0.009895833333333333 0.01574074074074074
2 0.5067708333333333 0.30694444444444446 0.009895833333333333 0.01574074074074074
2 0.5434895833333333 0.3347222222222222 0.009895833333333333 0.01574074074074074
2 0.5838541666666667 0.3611111111111111 0.009895833333333333 0.01574074074074074