4 0.7947916666666667 0.5925925925925926 0.01875 0.027777777777777776
3 0.7606770833333333 0.6050925925925926 0.0171875 0.028703703703703703
3 0.49765625 0.687037037037037 0.019270833333333334 0.03148148148148148
3 0.6302083333333334 0.6513888888888889 0.018229166666666668 0.02962962962962963
1 0.6958333333333333 0.5888888888888889 0.0171875 0.026851851851851852
0 0.69140625 0.549537037037037 0.015625 0.025925925925925925
4 0.6140625 0.49583333333333335 0.0140625 0.023148148148148147
3 0.49322916666666666 0.5291666666666667 0.014583333333333334 0.024074074074074074
3 0.5052083333333334 0.4273148148148148 0.0125 0.019444444444444445
3 0.40208333333333335 0.4009259259259259 0.011458333333333333 0.019444444444444445
4 0.3736979166666667 0.40324074074074073 0.011458333333333333 0.018518518518518517
4 0.36015625 0.45601851851851855 0.013541666666666667 0.021296296296296296
4 0.39453125 0.4828703703703704 0.0140625 0.022222222222222223
4 0.40208333333333335 0.5717592592592593 0.016145833333333335 0.027777777777777776
4 0.4002604166666667 0.5259259259259259 0.015104166666666667 0.024074074074074074
2 0.6557291666666667 0.75 0.010416666666666666 0.016666666666666666
2 0.7419270833333333 0.7069444444444445 0.010416666666666666 0.016666666666666666
2 0.8184895833333333 0.6699074074074074 0.010416666666666666 0.016666666666666666
2 0.4484375 0.7125 0.010416666666666666 0.016666666666666666
2 0.3971354166666667 0.6523148148148148 0.010416666666666666 0.016666666666666666
2 0.3533854166666667 0.600462962962963 0.010416666666666666 0.016666666666666666
2 0.80703125 0.5689814814814815 0.010416666666666666 0.016666666666666666
2 0.74140625 0.5268518518518519 0.010416666666666666 0.016666666666666666
2 0.28489583333333335 0.5189814814814815 0.010416666666666666 0.016666666666666666
2 0.25703125 0.4837962962962963 0.005729166666666666 0.009259259259259259
2 0.23203125 0.45416666666666666 0.005729166666666666 0.009259259259259259
2 0.28619791666666666 0.4027777777777778 0.005729166666666666 0.009259259259259259
2 0.34765625 0.3912037037037037 0.005729166666666666 0.009259259259259259
2 0.4046875 0.38055555555555554 0.005729166666666666 0.009259259259259259
2 0.5893229166666667 0.4356481481481482 0.005729166666666666 0.009259259259259259
2 0.5497395833333333 0.4125 0.0046875 0.007407407407407408
2 0.5135416666666667 0.38981481481481484 0.0046875 0.007407407407407408