3 0.509375 0.5157407407407407 0.009895833333333333 0.01574074074074074
3 0.5171875 0.5597222222222222 0.0109375 0.017592592592592594
0 0.5299479166666666 0.5731481481481482 0.011458333333333333 0.018518518518518517
3 0.5140625 0.6041666666666666 0.011979166666666667 0.011111111111111112
3 0.48411458333333335 0.5953703703703703 0.011979166666666667 0.019444444444444445
3 0.446875 0.5925925925925926 0.011979166666666667 0.018518518518518517
3 0.4166666666666667 0.5546296296296296 0.0109375 0.017592592592592594
1 0.4010416666666667 0.55 0.010416666666666666 0.017592592592592594
3 0.3809895833333333 0.562962962962963 0.011458333333333333 0.017592592592592594
2 0.403125 0.6162037037037037 0.0036458333333333334 0.005555555555555556
2 0.475 0.6148148148148148 0.0036458333333333334 0.005555555555555556
2 0.5471354166666667 0.6148148148148148 0.0036458333333333334 0.005555555555555556
2 0.62734375 0.5847222222222223 0.0036458333333333334 0.005555555555555556
2 0.61953125 0.5643518518518519 0.0046875 0.007407407407407408
2 0.6127604166666667 0.5472222222222223 0.0046875 0.007407407407407408
2 0.60078125 0.5157407407407407 0.0046875 0.007407407407407408
2 0.5955729166666667 0.5013888888888889 0.0046875 0.007407407407407408
2 0.5908854166666667 0.48935185185185187 0.0046875 0.007407407407407408
2 0.32369791666666664 0.5861111111111111 0.0046875 0.007407407407407408
2 0.33203125 0.5666666666666667 0.004166666666666667 0.006481481481481481
2 0.33958333333333335 0.5486111111111112 0.004166666666666667 0.006481481481481481
2 0.3528645833333333 0.5157407407407407 0.004166666666666667 0.006481481481481481
2 0.3580729166666667 0.5032407407407408 0.004166666666666667 0.006481481481481481
2 0.36354166666666665 0.49074074074074076 0.004166666666666667 0.006481481481481481
2 0.4296875 0.475 0.004166666666666667 0.006481481481481481
2 0.47760416666666666 0.475 0.0020833333333333333 0.003703703703703704