4 0.7716145833333333 0.6791666666666667 0.019791666666666666 0.032407407407407406
3 0.7244791666666667 0.7148148148148148 0.0203125 0.03148148148148148
4 0.6677083333333333 0.6805555555555556 0.019791666666666666 0.032407407407407406
3 0.6424479166666667 0.6944444444444444 0.019791666666666666 0.032407407407407406
4 0.6453125 0.6444444444444445 0.01875 0.02962962962962963
0 0.6294270833333333 0.6175925925925926 0.0171875 0.028703703703703703
3 0.5848958333333333 0.7074074074074074 0.019791666666666666 0.032407407407407406
4 0.5375 0.7032407407407407 0.019791666666666666 0.032407407407407406
3 0.5744791666666667 0.5921296296296297 0.016666666666666666 0.027777777777777776
4 0.55 0.5976851851851852 0.017708333333333333 0.026851851851851852
4 0.415625 0.6972222222222222 0.019791666666666666 0.03333333333333333
3 0.39739583333333334 0.6615740740740741 0.01875 0.03148148148148148
3 0.403125 0.6185185185185185 0.018229166666666668 0.028703703703703703
1 0.4828125 0.5254629629629629 0.015104166666666667 0.024074074074074074
3 0.44088541666666664 0.49675925925925923 0.013541666666666667 0.023148148148148147
4 0.4375 0.4449074074074074 0.013020833333333334 0.020370370370370372
2 0.39947916666666666 0.7689814814814815 0.005729166666666666 0.009259259259259259
2 0.621875 0.8050925925925926 0.005729166666666666 0.009259259259259259
2 0.715625 0.7606481481481482 0.005729166666666666 0.009259259259259259
2 0.3463541666666667 0.7032407407407407 0.005729166666666666 0.009259259259259259
2 0.30130208333333336 0.649074074074074 0.005729166666666666 0.009259259259259259
2 0.6614583333333334 0.5305555555555556 0.005729166666666666 0.009259259259259259
2 0.7208333333333333 0.5662037037037037 0.005729166666666666 0.009259259259259259
2 0.7989583333333333 0.7175925925925926 0.005729166666666666 0.009259259259259259
2 0.7895833333333333 0.6092592592592593 0.004166666666666667 0.007407407407407408
2 0.22838541666666667 0.5592592592592592 0.004166666666666667 0.007407407407407408
2 0.19895833333333332 0.5236111111111111 0.003125 0.004629629629629629
2 0.17317708333333334 0.49027777777777776 0.003125 0.004629629629629629
2 0.23489583333333333 0.43657407407407406 0.003125 0.004629629629629629
2 0.30130208333333336 0.4212962962962963 0.003125 0.004629629629629629
2 0.36276041666666664 0.40925925925925927 0.003125 0.004629629629629629
2 0.5611979166666666 0.46944444444444444 0.003125 0.004629629629629629
2 0.48046875 0.4203703703703704 0.003125 0.005555555555555556
2 0.51875 0.4439814814814815 0.003125 0.005555555555555556