3 0.5140625 0.6162037037037037 0.016145833333333335 0.016666666666666666
4 0.5291666666666667 0.6189814814814815 0.014583333333333334 0.017592592592592594
4 0.515625 0.625462962962963 0.015625 0.019444444444444445
3 0.5447916666666667 0.6217592592592592 0.015104166666666667 0.014814814814814815
0 0.5315104166666667 0.6273148148148148 0.0140625 0.014814814814814815
3 0.51875 0.6356481481481482 0.016145833333333335 0.020370370370370372
3 0.5604166666666667 0.625 0.015104166666666667 0.013888888888888888
4 0.5479166666666667 0.6310185185185185 0.0171875 0.01574074074074074
3 0.53515625 0.638425925925926 0.015625 0.017592592592592594
4 0.5208333333333334 0.6462962962962963 0.0171875 0.022222222222222223
4 0.57578125 0.6361111111111111 0.015625 0.026851851851851852
3 0.5638020833333334 0.6416666666666667 0.015104166666666667 0.027777777777777776
4 0.5510416666666667 0.6467592592592593 0.016666666666666666 0.027777777777777776
3 0.53828125 0.6537037037037037 0.015625 0.028703703703703703
4 0.52421875 0.6587962962962963 0.0171875 0.02962962962962963
1 0.4119791666666667 0.4444444444444444 0.011979166666666667 0.019444444444444445
2 0.5880208333333333 0.7652777777777777 0.0046875 0.007407407407407408
2 0.66796875 0.7217592592592592 0.0046875 0.007407407407407408
2 0.7375 0.6828703703703703 0.0046875 0.007407407407407408
2 0.7208333333333333 0.5893518518518519 0.0046875 0.007407407407407408
2 0.6578125 0.5546296296296296 0.0046875 0.007407407407407408
2 0.3841145833333333 0.7444444444444445 0.0046875 0.007407407407407408
2 0.3296875 0.6884259259259259 0.0046875 0.007407407407407408
2 0.28411458333333334 0.6421296296296296 0.0046875 0.007407407407407408
2 0.20859375 0.5657407407407408 0.0046875 0.007407407407407408
2 0.178125 0.5337962962962963 0.0046875 0.007407407407407408
2 0.6020833333333333 0.5268518518518519 0.0046875 0.007407407407407408
2 0.5080729166666667 0.47638888888888886 0.0046875 0.007407407407407408
2 0.46796875 0.45416666666666666 0.0046875 0.007407407407407408
2 0.4315104166666667 0.43472222222222223 0.0046875 0.007407407407407408
2 0.32317708333333334 0.42777777777777776 0.0046875 0.007407407407407408
2 0.26640625 0.4412037037037037 0.0046875 0.007407407407407408
2 0.20546875 0.45416666666666666 0.0046875 0.007407407407407408
2 0.15104166666666666 0.5060185185185185 0.0046875 0.007407407407407408