3 0.2761547619047619 0.5272476190476191 0.015401785714285715 0.024880952380952382
3 0.41506249999999995 0.6480333333333332 0.01781547619047619 0.028747619047619046
3 0.5673333333333334 0.5260380952380953 0.015550595238095238 0.02584761904761905
1 0.44193750000000004 0.5557523809523809 0.01781547619047619 0.027299999999999998
0 0.6216875 0.6450142857142857 0.017967261904761903 0.03043809523809524
3 0.726547619047619 0.566504761904762 0.017514880952380952 0.02899047619047619
3 0.549592261904762 0.7568666666666667 0.020532738095238093 0.03430476190476191
4 0.7399880952380953 0.7116904761904762 0.020232142857142858 0.03189047619047619
2 0.6900357142857143 0.7728571428571429 0.006223214285714286 0.006033333333333333
2 0.7698660714285714 0.729247619047619 0.0048095238095238095 0.0051285714285714285
2 0.8431428571428572 0.6899428571428572 0.00556547619047619 0.005580952380952381
2 0.8323452380952381 0.5936761904761905 0.005470238095238095 0.0037714285714285714
2 0.7660357142857143 0.5582142857142857 0.005535714285714286 0.00509047619047619
2 0.7061011904761905 0.5267809523809523 0.005124999999999999 0.004995238095238095
2 0.6025208333333334 0.47174285714285713 0.004830357142857143 0.004619047619047619
2 0.5567529761904763 0.4472857142857143 0.004241071428571428 0.004333333333333333
2 0.5149613095238095 0.42537619047619046 0.004300595238095238 0.004242857142857143
2 0.39329761904761906 0.42127619047619047 0.00412202380952381 0.004333333333333333
2 0.33294940476190477 0.4393714285714285 0.004654761904761905 0.003957142857142857
2 0.2691279761904762 0.4585047619047619 0.004005952380952381 0.0037714285714285714
2 0.22147619047619047 0.5192904761904762 0.004595238095238095 0.0054666666666666665
2 0.25575892857142857 0.5494 0.004476190476190476 0.0048047619047619046
2 0.2933095238095238 0.5826238095238095 0.004416666666666667 0.004523809523809524
2 0.3807202380952381 0.66 0.005241071428571428 0.005842857142857143
2 0.43258630952380955 0.7052380952380952 0.005535714285714286 0.005652380952380952
2 0.4912232142857143 0.7573047619047618 0.006654761904761905 0.005938095238095238