1 0.4564196428571428 0.5607142857142857 0.015732142857142858 0.02550952380952381
3 0.5855654761904762 0.7377571428571429 0.01424404761904762 0.023809523809523808
3 0.7823125000000001 0.7302714285714286 0.016157738095238097 0.025852380952380953
3 0.6515744047619048 0.22585238095238097 0.015732142857142858 0.02517142857142857
2 0.47946428571428573 0.3342857142857143 0.4785714285714286 0.3438095238095238 0.4818452380952381 0.3514285714285714 0.4875 0.35333333333333333 0.4901785714285714 0.3519047619047619 0.493452380952381 0.3457142857142857 0.49404761904761907 0.3361904761904762 0.48988095238095236 0.3280952380952381 0.48601190476190476 0.32666666666666666 0.4824404761904762 0.32857142857142857
3 0.48650000000000004 0.3403047619047619 0.015517857142857142 0.02550952380952381
3 0.28826488095238095 0.7302714285714286 0.01488095238095238 0.02312857142857143
0 0.6952589285714286 0.49710952380952383 0.014669642857142857 0.02482857142857143
4 0.8318452380952381 0.4770428571428571 0.016157738095238097 0.02550952380952381
2 0.7636130952380952 0.7992285714285715 0.0037648809523809523 0.006304761904761905
2 0.6777410714285714 0.8 0.0037648809523809523 0.005880952380952381
2 0.5916488095238095 0.8009095238095238 0.004202380952380952 0.006861904761904762
2 0.41972916666666665 0.8023809523809524 0.004202380952380952 0.007004761904761905
2 0.33363988095238095 0.8028714285714286 0.004288690476190476 0.006580952380952381
2 0.24733035714285714 0.8037809523809524 0.00394047619047619 0.0064428571428571425
2 0.1375625 0.6285 0.0037648809523809523 0.006580952380952381
2 0.13773511904761906 0.49096666666666666 0.0035892857142857146 0.006023809523809524
2 0.13764880952380953 0.3533619047619047 0.0035892857142857146 0.0064428571428571425
2 0.24789880952380955 0.17730952380952383 0.0040267857142857145 0.006161904761904762
2 0.3334196428571429 0.17654285714285714 0.0040267857142857145 0.006580952380952381
2 0.4192053571428571 0.17570000000000002 0.0040267857142857145 0.006304761904761905
2 0.5898541666666667 0.17464761904761905 0.004113095238095239 0.006161904761904762
2 0.6754196428571428 0.17437142857142857 0.0040267857142857145 0.006723809523809523
2 0.7608095238095238 0.17388095238095236 0.004113095238095239 0.006304761904761905
2 0.8713244047619048 0.3482476190476191 0.004202380952380952 0.006580952380952381
2 0.8720684523809524 0.48543333333333333 0.0037648809523809523 0.006161904761904762
2 0.8729434523809524 0.6226904761904762 0.004113095238095239 0.006723809523809523