4 0.19759523809523807 0.27578095238095235 0.018875 0.029566666666666668
3 0.31253571428571425 0.33284285714285716 0.01549702380952381 0.02988095238095238
3 0.4632410714285714 0.30216666666666664 0.01688988095238095 0.028295238095238096
1 0.5683482142857144 0.29914761904761905 0.018479166666666668 0.02988095238095238
3 0.6904434523809524 0.2699 0.017485119047619048 0.031152380952380952
3 0.7224315476190476 0.4337761904761904 0.01811904761904762 0.02575238095238095
3 0.6993720238095238 0.45525714285714286 0.016910714285714286 0.027780952380952382
0 0.6989940476190476 0.5116666666666667 0.016154761904761904 0.02609047619047619
4 0.5422589285714285 0.4828238095238095 0.01775892857142857 0.029838095238095236
4 0.5331577380952381 0.5155 0.018202380952380953 0.02936190476190476
3 0.17936011904761903 0.6448714285714285 0.018598214285714287 0.02678095238095238
3 0.4755714285714286 0.7275238095238095 0.017976190476190475 0.024795238095238096
2 0.24342261904761905 0.820947619047619 0.005583333333333333 0.008933333333333335
2 0.329797619047619 0.8213428571428572 0.0045922619047619045 0.008538095238095239
2 0.41598511904761903 0.821247619047619 0.005955357142857143 0.00873809523809524
2 0.5879255952380953 0.8221380952380952 0.005089285714285715 0.007347619047619047
2 0.6745476190476191 0.8214428571428571 0.005583333333333333 0.00873809523809524
2 0.7613541666666667 0.821047619047619 0.005211309523809524 0.009133333333333334
2 0.8723630952380952 0.6446238095238095 0.005583333333333333 0.007742857142857143
2 0.872919642857143 0.5061285714285714 0.0057083333333333335 0.009133333333333334
2 0.8736041666666666 0.36773333333333336 0.0060803571428571426 0.00873809523809524
2 0.763029761904762 0.18992380952380952 0.0053363095238095236 0.009333333333333334
2 0.6760982142857143 0.18892857142857142 0.004717261904761905 0.008538095238095239
2 0.4156101190476191 0.18823333333333334 0.004717261904761905 0.007942857142857142
2 0.3286785714285714 0.18833333333333332 0.005089285714285715 0.008142857142857144
2 0.2416845238095238 0.18942857142857145 0.005089285714285715 0.008338095238095238
2 0.13105059523809523 0.36773333333333336 0.0062053571428571435 0.009133333333333334
2 0.13117261904761904 0.5061285714285714 0.0044672619047619044 0.007942857142857142
2 0.13166964285714286 0.6448238095238096 0.0049642857142857145 0.009333333333333334