4 0.4722291666666667 0.8025619047619048 0.022964285714285715 0.0379047619047619
4 0.39100595238095237 0.6936809523809524 0.018130952380952383 0.031328571428571435
4 0.5030505952380953 0.6435952380952381 0.019339285714285715 0.030942857142857143
4 0.6105 0.6907809523809524 0.020065476190476193 0.03403809523809524
3 0.5501875 0.6803380952380953 0.01982142857142857 0.03171428571428571
3 0.6376964285714285 0.6287047619047619 0.016922619047619047 0.02978095238095238
0 0.5750863095238095 0.6923285714285715 0.019339285714285715 0.03171428571428571
4 0.2943125 0.6070428571428571 0.016678571428571428 0.02978095238095238
3 0.26747916666666666 0.6198095238095238 0.016678571428571428 0.027461904761904764
3 0.20076190476190475 0.516347619047619 0.013779761904761904 0.02475238095238095
3 0.30688095238095237 0.5124761904761905 0.013779761904761904 0.022433333333333333
4 0.44827976190476193 0.4922714285714286 0.01330952380952381 0.02184761904761905
4 0.37157738095238096 0.4662952380952381 0.012276785714285714 0.019457142857142857
2 0.34663988095238096 0.4538809523809524 0.004092261904761905 0.003880952380952381
2 0.28476190476190477 0.4664904761904762 0.003586309523809524 0.003880952380952381
2 0.2180357142857143 0.4803904761904762 0.004092261904761905 0.003557142857142857
2 0.15335416666666665 0.5341380952380953 0.004345238095238095 0.004523809523809524
2 0.1773482142857143 0.5654523809523809 0.0047470238095238095 0.004285714285714286
2 0.204625 0.6008142857142857 0.00525297619047619 0.004847619047619048
2 0.2713511904761905 0.6883380952380952 0.005657738095238096 0.005980952380952381
2 0.31332738095238094 0.7430571428571429 0.005758928571428572 0.005495238095238095
2 0.36333333333333334 0.8084 0.006666666666666666 0.005252380952380952
2 0.5844017857142857 0.8443619047619048 0.007020833333333333 0.006709523809523809
2 0.6805505952380952 0.7988190476190477 0.00656547619047619 0.0058190476190476195
2 0.766092261904762 0.7586142857142857 0.006214285714285714 0.00509047619047619
3 0.7124136904761905 0.7382047619047619 0.022160714285714284 0.036071428571428574
2 0.7611398809523809 0.6501761904761905 0.0056309523809523815 0.006147619047619048
2 0.6942529761904762 0.6088857142857144 0.005300595238095238 0.005404761904761904
2 0.6362113095238096 0.5727904761904762 0.005166666666666667 0.004028571428571429
2 0.5398392857142856 0.5131571428571429 0.0040416666666666665 0.004771428571428571
2 0.4989910714285714 0.4880857142857143 0.003711309523809524 0.0033904761904761907
2 0.46218452380952385 0.46544761904761905 0.003642857142857143 0.004347619047619048