3 0.2174047619047619 0.7157761904761906 0.017517857142857144 0.02760952380952381
3 0.26799702380952384 0.5471857142857143 0.016732142857142855 0.02760952380952381
4 0.17857738095238096 0.3447095238095238 0.01725595238095238 0.02677142857142857
4 0.2988482142857143 0.27693809523809526 0.015163690476190476 0.02760952380952381
4 0.45938690476190475 0.6992476190476191 0.016732142857142855 0.027190476190476192
3 0.4690595238095238 0.7475666666666667 0.015163690476190476 0.024261904761904762
4 0.6340416666666667 0.6808428571428571 0.016732142857142855 0.028028571428571427
4 0.7820267857142857 0.6996666666666667 0.016732142857142855 0.028866666666666665
4 0.7246369047619048 0.4292142857142857 0.01699404761904762 0.028447619047619048
4 0.6167857142857143 0.48464285714285715 0.016732142857142855 0.028028571428571427
3 0.6881636904761905 0.4827619047619047 0.01725595238095238 0.028447619047619048
3 0.8170625 0.38403333333333334 0.017779761904761906 0.02593809523809524
3 0.6611011904761905 0.29555714285714285 0.015949404761904762 0.028866666666666665
0 0.7131339285714287 0.4714666666666667 0.015949404761904762 0.02677142857142857
2 0.24833333333333332 0.8152238095238096 0.004511904761904762 0.007533333333333334
2 0.3331220238095238 0.8154619047619047 0.0044136904761904764 0.006747619047619047
2 0.41776488095238096 0.8158523809523809 0.005199404761904762 0.007533333333333334
2 0.5866071428571429 0.8159333333333334 0.004511904761904762 0.007376190476190476
2 0.6714434523809525 0.8156190476190476 0.004315476190476191 0.008004761904761903
2 0.7559880952380952 0.8155380952380953 0.005101190476190476 0.007533333333333334
2 0.8651488095238096 0.6423714285714286 0.004904761904761905 0.007690476190476189
2 0.8656875 0.5067095238095237 0.004806547619047618 0.006904761904761905
2 0.8662261904761904 0.37026666666666663 0.004315476190476191 0.008942857142857143
2 0.7579494047619048 0.1952142857142857 0.004904761904761905 0.007847619047619048
2 0.6727172619047619 0.19537142857142856 0.0047083333333333335 0.006904761904761905
2 0.5875386904761906 0.19498095238095237 0.004806547619047618 0.007061904761904762
2 0.41722321428571424 0.19498095238095237 0.0047083333333333335 0.007061904761904762
2 0.33204464285714286 0.19576190476190478 0.004806547619047618 0.007376190476190476
2 0.2470089285714286 0.19537142857142856 0.004217261904761905 0.00659047619047619
2 0.1379970238095238 0.37026666666666663 0.004904761904761905 0.007061904761904762
2 0.13848511904761904 0.5067904761904762 0.004511904761904762 0.007690476190476189