2 0.4169464285714286 0.19456666666666667 0.004092261904761905 0.006695238095238095
2 0.331797619047619 0.1950142857142857 0.00418452380952381 0.0063999999999999994
2 0.24669940476190474 0.19546190476190478 0.00362797619047619 0.0061
2 0.13783333333333334 0.37023809523809526 0.003907738095238095 0.006252380952380953
2 0.1381607142857143 0.5064714285714286 0.0038125000000000004 0.0061
2 0.13876488095238096 0.6421857142857142 0.003907738095238095 0.005804761904761905
2 0.24827976190476192 0.8150285714285714 0.0038125000000000004 0.005952380952380952
2 0.3328690476190476 0.8151761904761904 0.003907738095238095 0.006252380952380953
2 0.4175982142857143 0.815552380952381 0.003907738095238095 0.0061
2 0.5864494047619048 0.8157714285714285 0.0034404761904761904 0.006547619047619048
2 0.6711785714285714 0.8156238095238095 0.00362797619047619 0.006847619047619048
2 0.755904761904762 0.815252380952381 0.0032559523809523806 0.0061
2 0.8648630952380952 0.6424095238095238 0.003535714285714286 0.005952380952380952
2 0.8654672619047619 0.5064714285714286 0.0038125000000000004 0.006695238095238095
2 0.8660238095238095 0.3703142857142857 0.0038125000000000004 0.0063999999999999994
2 0.7577202380952381 0.19546190476190478 0.004092261904761905 0.0063999999999999994
2 0.6725714285714286 0.19493809523809524 0.004 0.006252380952380953
2 0.5873333333333334 0.19456666666666667 0.004092261904761905 0.005804761904761905
3 0.4874017857142857 0.2534904761904762 0.014485119047619049 0.023809523809523808
3 0.5589285714285714 0.6355571428571429 0.013491071428571429 0.02349047619047619
3 0.7547619047619047 0.6325380952380952 0.015476190476190477 0.02444285714285714
3 0.2550595238095238 0.731904761904762 0.014086309523809524 0.023809523809523808
3 0.29980059523809527 0.7057142857142857 0.015476190476190477 0.02349047619047619
3 0.3217261904761905 0.6906333333333333 0.015276785714285713 0.02444285714285714
4 0.21101190476190476 0.43333333333333335 0.01607142857142857 0.024761904761904763
4 0.2325386904761905 0.3423809523809524 0.015080357142857144 0.02317619047619048
4 0.4654761904761905 0.3784142857142857 0.015080357142857144 0.025395238095238096
4 0.5238095238095238 0.25047619047619046 0.014681547619047618 0.02412857142857143
4 0.6636904761904762 0.41095238095238096 0.015080357142857144 0.02508095238095238
4 0.8000982142857143 0.27476190476190476 0.01567559523809524 0.02444285714285714
0 0.6866071428571429 0.5146047619047619 0.01488095238095238 0.02349047619047619
1 0.8358125 0.7615857142857142 0.016467261904761905 0.025395238095238096