3 0.4594553571428571 0.6217285714285715 0.025830357142857144 0.039342857142857145
4 0.586845238095238 0.5661809523809523 0.025208333333333333 0.04066666666666667
0 0.5701071428571428 0.5132857142857143 0.02107738095238095 0.03537619047619048
4 0.3436369047619047 0.5142761904761904 0.02272916666666667 0.036699999999999997
4 0.22347619047619047 0.46187142857142854 0.021282738095238098 0.03504761904761904
4 0.19206845238095238 0.4504666666666667 0.020458333333333332 0.03537619047619048
1 0.2233720238095238 0.4355904761904762 0.021491071428571425 0.028104761904761907
3 0.08575297619047619 0.3492952380952381 0.017770833333333333 0.031409523809523804
3 0.2940922619047619 0.2884285714285714 0.016642857142857143 0.02791904761904762
3 0.3419434523809524 0.25621428571428567 0.01463095238095238 0.02662857142857143
4 0.35925892857142855 0.2622238095238095 0.015705357142857142 0.02577142857142857
3 0.42106845238095236 0.3320238095238095 0.01879166666666667 0.030923809523809524
4 0.5431488095238095 0.42598095238095235 0.02026785714285714 0.03371904761904762
3 0.6149613095238096 0.418252380952381 0.019464285714285715 0.032
3 0.6956964285714285 0.4905190476190476 0.02174404761904762 0.03608095238095238
4 0.6928779761904762 0.5698714285714286 0.024428571428571428 0.03844285714285715
2 0.7232857142857142 0.7423904761904762 0.007550595238095238 0.006966666666666667
2 0.8185654761904763 0.6771904761904761 0.0064523809523809525 0.006552380952380952
2 0.9026428571428572 0.6196095238095238 0.007074404761904762 0.006157142857142857
2 0.864110119047619 0.48538095238095236 0.0069494047619047625 0.005361904761904762
2 0.7730833333333333 0.4382238095238095 0.007321428571428572 0.0047666666666666664
2 0.6904315476190476 0.39563333333333334 0.0060803571428571426 0.004171428571428572
2 0.5489553571428571 0.3222238095238095 0.004904761904761905 0.004076190476190476
2 0.487327380952381 0.29053809523809526 0.00556547619047619 0.004376190476190476
2 0.4306488095238095 0.26126666666666665 0.0051875 0.004076190476190476
2 0.27408333333333335 0.2536428571428571 0.004997023809523809 0.004
2 0.19754166666666667 0.27595714285714285 0.004755952380952381 0.005547619047619048
2 0.11451190476190476 0.3003952380952381 0.0057232142857142855 0.005419047619047619
2 0.05441369047619048 0.38242857142857145 0.005964285714285714 0.005676190476190476
2 0.10326488095238096 0.42447619047619045 0.005803571428571429 0.005676190476190476
2 0.15695238095238095 0.4711047619047619 0.005803571428571429 0.00529047619047619
2 0.28433928571428574 0.5810190476190477 0.006919642857142857 0.006961904761904761
2 0.36145535714285715 0.6474571428571428 0.0067232142857142855 0.006009523809523809
2 0.4494970238095238 0.723147619047619 0.0074136904761904765 0.0068