2 0.36352083333333335 0.7574809523809524 0.00637797619047619 0.0054428571428571425
2 0.5105773809523809 0.7582476190476191 0.006270833333333333 0.005614285714285714
2 0.6574196428571428 0.7596095238095238 0.006589285714285714 0.005614285714285714
2 0.8252023809523809 0.6483 0.006485119047619048 0.0054428571428571425
2 0.8108005952380952 0.5699 0.005741071428571429 0.0051
2 0.7977261904761905 0.49855238095238097 0.006163690476190476 0.005271428571428572
2 0.7747648809523809 0.3738095238095238 0.005741071428571429 0.0051
2 0.7644017857142856 0.31853809523809523 0.004997023809523809 0.004761904761904762
2 0.7547827380952381 0.267347619047619 0.004889880952380952 0.0051
2 0.6140505952380952 0.20663333333333334 0.005101190476190476 0.0044238095238095234
2 0.5126488095238095 0.20595238095238094 0.005526785714285714 0.004761904761904762
2 0.4113511904761905 0.20535714285714285 0.004675595238095238 0.004252380952380952
2 0.27051488095238096 0.2644571428571429 0.005526785714285714 0.004761904761904762
2 0.26073511904761904 0.31547619047619047 0.004889880952380952 0.004080952380952381
2 0.2501607142857143 0.3704952380952381 0.004997023809523809 0.004933333333333333
2 0.22608333333333333 0.49464285714285716 0.00531547619047619 0.004590476190476191
2 0.21231845238095237 0.5659000000000001 0.005419642857142857 0.004590476190476191
2 0.19738392857142859 0.6438761904761905 0.005741071428571429 0.004761904761904762
3 0.34226190476190477 0.6037428571428571 0.02338392857142857 0.03877619047619048
3 0.2964494047619048 0.5066333333333334 0.021470238095238094 0.03707619047619048
3 0.4401577380952381 0.5035714285714286 0.02274702380952381 0.03775714285714286
3 0.6860119047619048 0.6836714285714286 0.02550892857142857 0.0414952380952381
3 0.6442380952380952 0.6057809523809524 0.023172619047619046 0.03877619047619048
3 0.6692172619047619 0.5181952380952382 0.02211011904761905 0.03707619047619048
1 0.601827380952381 0.3130952380952381 0.019982142857142858 0.034352380952380954
0 0.5212589285714286 0.5787428571428571 0.02338392857142857 0.03843333333333333
4 0.7642440476190476 0.5989809523809523 0.024660714285714286 0.04081428571428571
4 0.7085446428571429 0.5316333333333334 0.022532738095238092 0.03673333333333333
4 0.49224107142857143 0.503742857142857 0.023172619047619046 0.0380952380952381
4 0.5771696428571429 0.4141142857142857 0.020833333333333332 0.03503333333333333
4 0.5332708333333334 0.4107142857142857 0.021470238095238094 0.0363952380952381
4 0.36958035714285714 0.3142857142857143 0.019345238095238096 0.03265238095238095
4 0.35033928571428574 0.3197285714285714 0.019982142857142858 0.03333333333333333