0 0.62109375 0.5208333333333334 0.015104166666666667 0.026851851851851852
3 0.6919270833333333 0.4708333333333333 0.014583333333333334 0.026851851851851852
3 0.69140625 0.42268518518518516 0.015104166666666667 0.025925925925925925
3 0.74375 0.34305555555555556 0.015625 0.026851851851851852
4 0.63125 0.47314814814814815 0.015104166666666667 0.028703703703703703
4 0.6536458333333334 0.3837962962962963 0.015104166666666667 0.028703703703703703
3 0.68828125 0.2791666666666667 0.015104166666666667 0.026851851851851852
4 0.64375 0.2657407407407407 0.015104166666666667 0.026851851851851852
4 0.534375 0.2273148148148148 0.015104166666666667 0.025925925925925925
4 0.5703125 0.4736111111111111 0.015625 0.026851851851851852
4 0.5309895833333333 0.5763888888888888 0.014583333333333334 0.028703703703703703
4 0.3846354166666667 0.30694444444444446 0.016145833333333335 0.028703703703703703
3 0.29973958333333334 0.6736111111111112 0.015625 0.027777777777777776
1 0.2791666666666667 0.47638888888888886 0.016145833333333335 0.028703703703703703
2 0.24661458333333333 0.16018518518518518 0.007291666666666667 0.012962962962962963
2 0.33177083333333335 0.16018518518518518 0.007291666666666667 0.012962962962962963
2 0.4171875 0.1597222222222222 0.007291666666666667 0.012962962962962963
2 0.5875 0.1597222222222222 0.007291666666666667 0.012962962962962963
2 0.6723958333333333 0.16018518518518518 0.007291666666666667 0.012962962962962963
2 0.7580729166666667 0.16064814814814815 0.007291666666666667 0.012962962962962963
2 0.8658854166666666 0.35509259259259257 0.007291666666666667 0.012962962962962963
2 0.865625 0.5064814814814815 0.007291666666666667 0.012962962962962963
2 0.86484375 0.6578703703703703 0.007291666666666667 0.012962962962962963
2 0.7557291666666667 0.8495370370370371 0.007291666666666667 0.012962962962962963
2 0.6708333333333333 0.8495370370370371 0.007291666666666667 0.012962962962962963
2 0.5861979166666667 0.850462962962963 0.007291666666666667 0.012962962962962963
2 0.41744791666666664 0.8495370370370371 0.007291666666666667 0.012962962962962963
2 0.33229166666666665 0.8490740740740741 0.007291666666666667 0.012962962962962963
2 0.24817708333333333 0.8490740740740741 0.007291666666666667 0.012962962962962963
2 0.13854166666666667 0.6569444444444444 0.007291666666666667 0.012962962962962963
2 0.13828125 0.5060185185185185 0.007291666666666667 0.012962962962962963
2 0.13802083333333334 0.35509259259259257 0.007291666666666667 0.012962962962962963