1 0.74140625 0.3162037037037037 0.016145833333333335 0.027777777777777776
3 0.6911458333333333 0.42268518518518516 0.014583333333333334 0.026851851851851852
3 0.6919270833333333 0.4708333333333333 0.015104166666666667 0.026851851851851852
0 0.6213541666666667 0.5212962962962963 0.015625 0.026851851851851852
4 0.6536458333333334 0.3837962962962963 0.016145833333333335 0.02962962962962963
4 0.6440104166666667 0.2652777777777778 0.015625 0.027777777777777776
4 0.6315104166666666 0.4736111111111111 0.015104166666666667 0.028703703703703703
4 0.5341145833333333 0.22685185185185186 0.015625 0.025925925925925925
4 0.5700520833333333 0.4726851851851852 0.015625 0.027777777777777776
4 0.5315104166666667 0.5773148148148148 0.015625 0.028703703703703703
4 0.384375 0.3060185185185185 0.016145833333333335 0.027777777777777776
3 0.29973958333333334 0.6731481481481482 0.016145833333333335 0.027777777777777776
2 0.24635416666666668 0.16064814814814815 0.007291666666666667 0.012962962962962963
2 0.33177083333333335 0.16064814814814815 0.007291666666666667 0.012962962962962963
2 0.41692708333333334 0.1597222222222222 0.007291666666666667 0.012962962962962963
2 0.5869791666666667 0.15925925925925927 0.007291666666666667 0.012962962962962963
2 0.6729166666666667 0.16018518518518518 0.007291666666666667 0.012962962962962963
2 0.7580729166666667 0.16064814814814815 0.007291666666666667 0.012962962962962963
2 0.86640625 0.35648148148148145 0.007291666666666667 0.012962962962962963
2 0.8658854166666666 0.5069444444444444 0.007291666666666667 0.012962962962962963
2 0.8645833333333334 0.6583333333333333 0.007291666666666667 0.012962962962962963
2 0.75546875 0.8495370370370371 0.007291666666666667 0.012962962962962963
2 0.6705729166666666 0.8495370370370371 0.007291666666666667 0.012962962962962963
2 0.41744791666666664 0.85 0.007291666666666667 0.012962962962962963
2 0.3328125 0.8486111111111111 0.007291666666666667 0.012962962962962963
2 0.24817708333333333 0.8495370370370371 0.007291666666666667 0.012962962962962963
2 0.13828125 0.6569444444444444 0.007291666666666667 0.012962962962962963
2 0.13828125 0.5064814814814815 0.007291666666666667 0.012962962962962963
2 0.13828125 0.3541666666666667 0.007291666666666667 0.012962962962962963