3 0.3044315476190476 0.24774761904761905 0.015476190476190477 0.026595238095238095
3 0.23011607142857143 0.32049999999999995 0.013946428571428571 0.023538095238095236
3 0.3970892857142857 0.4002809523809524 0.01662202380952381 0.02781428571428571
4 0.6303958333333334 0.2801 0.01575595238095238 0.028190476190476193
4 0.7090654761904762 0.3975142857142857 0.01637797619047619 0.02752857142857143
4 0.7151815476190477 0.4404666666666667 0.016169642857142858 0.02587142857142857
3 0.7572619047619048 0.4144333333333333 0.01575595238095238 0.02487619047619048
1 0.812610119047619 0.3091238095238095 0.017827380952380952 0.02587142857142857
0 0.6846041666666667 0.4932047619047619 0.015961309523809523 0.028523809523809524
3 0.6408630952380953 0.7313523809523809 0.015547619047619048 0.028523809523809524
4 0.19245535714285714 0.49090000000000006 0.018449404761904764 0.025957142857142856
4 0.2374672619047619 0.6329047619047619 0.016860119047619047 0.02900952380952381
4 0.34684821428571433 0.7057666666666667 0.016886904761904763 0.027133333333333332
4 0.3501309523809524 0.737147619047619 0.016532738095238093 0.02762857142857143
3 0.33488392857142857 0.7619809523809524 0.01763392857142857 0.026157142857142858
3 0.3335952380952381 0.6686619047619048 0.017267857142857144 0.02703809523809524
2 0.2481190476190476 0.8146380952380953 0.004633928571428572 0.007414285714285714
2 0.3326845238095238 0.8144619047619047 0.004744047619047619 0.007061904761904762
2 0.4176904761904762 0.8156095238095238 0.005294642857142857 0.008295238095238097
2 0.5864315476190476 0.8156095238095238 0.00518452380952381 0.00759047619047619
2 0.6712142857142858 0.8151666666666666 0.004854166666666666 0.007766666666666666
2 0.7558333333333334 0.8146380952380953 0.005074404761904762 0.00811904761904762
2 0.865 0.6418238095238095 0.004744047619047619 0.00847142857142857
2 0.8655505952380952 0.506347619047619 0.004523809523809524 0.008647619047619048
2 0.8657738095238096 0.36989523809523805 0.004523809523809524 0.008647619047619048
2 0.7575982142857144 0.19522857142857145 0.004633928571428572 0.007766666666666666
2 0.6727053571428572 0.1947 0.00518452380952381 0.007766666666666666
2 0.5873690476190476 0.19434761904761905 0.005074404761904762 0.00847142857142857
2 0.41697321428571427 0.19426190476190475 0.0049642857142857145 0.008295238095238097
2 0.33185714285714285 0.19514285714285715 0.005294642857142857 0.008647619047619048
2 0.24679761904761904 0.19487619047619048 0.005074404761904762 0.007414285714285714
2 0.13801488095238096 0.3697190476190476 0.005294642857142857 0.008647619047619048
2 0.13807142857142857 0.5054619047619048 0.004744047619047619 0.009004761904761904
2 0.13878869047619047 0.6415619047619048 0.005074404761904762 0.009004761904761904