4 0.8302083333333333 0.31712962962962965 0.015104166666666667 0.026851851851851852
4 0.7203125 0.41759259259259257 0.0171875 0.026851851851851852
3 0.6856770833333333 0.2726851851851852 0.015104166666666667 0.026851851851851852
0 0.6690104166666667 0.38796296296296295 0.015104166666666667 0.026851851851851852
3 0.6770833333333334 0.7907407407407407 0.015104166666666667 0.028703703703703703
3 0.6341145833333334 0.7060185185185185 0.014583333333333334 0.025925925925925925
4 0.5567708333333333 0.6601851851851852 0.015104166666666667 0.026851851851851852
1 0.571875 0.41898148148148145 0.015625 0.026851851851851852
4 0.5661458333333333 0.3226851851851852 0.015104166666666667 0.027777777777777776
4 0.42083333333333334 0.4777777777777778 0.015625 0.027777777777777776
3 0.38307291666666665 0.22268518518518518 0.015625 0.02962962962962963
2 0.24635416666666668 0.16064814814814815 0.007291666666666667 0.012962962962962963
2 0.33151041666666664 0.16111111111111112 0.007291666666666667 0.012962962962962963
2 0.41744791666666664 0.16018518518518518 0.007291666666666667 0.012962962962962963
2 0.5872395833333334 0.1597222222222222 0.007291666666666667 0.012962962962962963
2 0.67265625 0.16064814814814815 0.007291666666666667 0.012962962962962963
2 0.7578125 0.16111111111111112 0.007291666666666667 0.012962962962962963
2 0.8661458333333333 0.35509259259259257 0.007291666666666667 0.012962962962962963
2 0.865625 0.5064814814814815 0.007291666666666667 0.012962962962962963
2 0.86484375 0.6574074074074074 0.007291666666666667 0.012962962962962963
2 0.7557291666666667 0.8495370370370371 0.007291666666666667 0.012962962962962963
2 0.6708333333333333 0.85 0.007291666666666667 0.012962962962962963
2 0.5861979166666667 0.85 0.007291666666666667 0.012962962962962963
2 0.41744791666666664 0.85 0.007291666666666667 0.012962962962962963
2 0.33229166666666665 0.8495370370370371 0.007291666666666667 0.012962962962962963
2 0.24791666666666667 0.8495370370370371 0.007291666666666667 0.012962962962962963
2 0.13932291666666666 0.6569444444444444 0.007291666666666667 0.012962962962962963
2 0.13828125 0.5060185185185185 0.007291666666666667 0.012962962962962963
2 0.13776041666666666 0.35462962962962963 0.007291666666666667 0.012962962962962963