4 0.8325520833333333 0.8189814814814815 0.013541666666666667 0.026851851851851852
3 0.8419270833333333 0.8055555555555556 0.018229166666666668 0.032407407407407406
4 0.8330729166666667 0.19398148148148148 0.009895833333333333 0.022222222222222223
4 0.84375 0.2064814814814815 0.015625 0.025925925925925925
3 0.8247395833333333 0.6703703703703704 0.0171875 0.02962962962962963
1 0.7502604166666667 0.5027777777777778 0.016145833333333335 0.02962962962962963
0 0.6692708333333334 0.38796296296296295 0.015625 0.027777777777777776
4 0.5661458333333333 0.32222222222222224 0.015625 0.027777777777777776
4 0.17057291666666666 0.19212962962962962 0.013020833333333334 0.023148148148148147
4 0.16875 0.21342592592592594 0.013541666666666667 0.022222222222222223
3 0.1609375 0.20462962962962963 0.014583333333333334 0.027777777777777776
2 0.24661458333333333 0.16203703703703703 0.007291666666666667 0.012962962962962963
2 0.33203125 0.16064814814814815 0.007291666666666667 0.012962962962962963
2 0.4171875 0.16018518518518518 0.007291666666666667 0.012962962962962963
2 0.58671875 0.16018518518518518 0.007291666666666667 0.012962962962962963
2 0.67265625 0.16064814814814815 0.007291666666666667 0.012962962962962963
2 0.7575520833333333 0.16111111111111112 0.007291666666666667 0.012962962962962963
2 0.865625 0.35509259259259257 0.007291666666666667 0.012962962962962963
2 0.865625 0.5069444444444444 0.007291666666666667 0.012962962962962963
2 0.86484375 0.6578703703703703 0.007291666666666667 0.012962962962962963
2 0.7559895833333333 0.85 0.007291666666666667 0.012962962962962963
2 0.67109375 0.85 0.007291666666666667 0.012962962962962963
2 0.5861979166666667 0.850462962962963 0.007291666666666667 0.012962962962962963
2 0.41744791666666664 0.8495370370370371 0.007291666666666667 0.012962962962962963
2 0.3328125 0.8495370370370371 0.007291666666666667 0.012962962962962963
2 0.24791666666666667 0.8495370370370371 0.007291666666666667 0.012962962962962963
2 0.13880208333333333 0.6574074074074074 0.007291666666666667 0.012962962962962963
2 0.13828125 0.5055555555555555 0.007291666666666667 0.012962962962962963
2 0.13776041666666666 0.35509259259259257 0.007291666666666667 0.012962962962962963