3 0.825 0.6703703703703704 0.016145833333333335 0.025925925925925925
4 0.71953125 0.41805555555555557 0.016145833333333335 0.027777777777777776
0 0.66875 0.3875 0.015104166666666667 0.028703703703703703
4 0.5661458333333333 0.32222222222222224 0.014583333333333334 0.026851851851851852
1 0.5296875 0.6736111111111112 0.015625 0.027777777777777776
2 0.24635416666666668 0.16064814814814815 0.007291666666666667 0.012962962962962963
2 0.33125 0.16111111111111112 0.007291666666666667 0.012962962962962963
2 0.41692708333333334 0.16064814814814815 0.007291666666666667 0.012962962962962963
2 0.5872395833333334 0.16018518518518518 0.007291666666666667 0.012962962962962963
2 0.67265625 0.16018518518518518 0.007291666666666667 0.012962962962962963
2 0.7580729166666667 0.16111111111111112 0.007291666666666667 0.012962962962962963
2 0.8658854166666666 0.35509259259259257 0.007291666666666667 0.012962962962962963
2 0.8653645833333333 0.5060185185185185 0.007291666666666667 0.012962962962962963
2 0.8651041666666667 0.6574074074074074 0.007291666666666667 0.012962962962962963
2 0.7559895833333333 0.85 0.007291666666666667 0.012962962962962963
2 0.67109375 0.85 0.007291666666666667 0.012962962962962963
2 0.58671875 0.85 0.007291666666666667 0.012962962962962963
2 0.41744791666666664 0.85 0.007291666666666667 0.012962962962962963
2 0.3328125 0.8490740740740741 0.007291666666666667 0.012962962962962963
2 0.24791666666666667 0.8490740740740741 0.007291666666666667 0.012962962962962963
2 0.13880208333333333 0.6569444444444444 0.007291666666666667 0.012962962962962963
2 0.13828125 0.5064814814814815 0.007291666666666667 0.012962962962962963
2 0.13802083333333334 0.35509259259259257 0.007291666666666667 0.012962962962962963