3 0.85078125 0.49907407407407406 0.024479166666666666 0.04259259259259259
4 0.5005208333333333 0.3388888888888889 0.023958333333333335 0.04259259259259259
4 0.37994791666666666 0.1736111111111111 0.023958333333333335 0.041666666666666664
3 0.43463541666666666 0.8046296296296296 0.023958333333333335 0.04259259259259259
3 0.37135416666666665 0.8097222222222222 0.023958333333333335 0.04259259259259259
4 0.328125 0.7787037037037037 0.024479166666666666 0.04351851851851852
3 0.3020833333333333 0.7652777777777777 0.026041666666666668 0.04259259259259259
0 0.3296875 0.4935185185185185 0.0234375 0.040740740740740744
1 0.30494791666666665 0.5287037037037037 0.024479166666666666 0.041666666666666664
3 0.29375 0.4583333333333333 0.025 0.041666666666666664
3 0.2669270833333333 0.45416666666666666 0.024479166666666666 0.041666666666666664
4 0.25546875 0.39444444444444443 0.025520833333333333 0.04351851851851852
3 0.24114583333333334 0.4375 0.025 0.04351851851851852
2 0.0640625 0.687037037037037 0.007291666666666667 0.012962962962962963
2 0.06510416666666667 0.5023148148148148 0.007291666666666667 0.012962962962962963
2 0.06640625 0.3138888888888889 0.007291666666666667 0.012962962962962963
2 0.19401041666666666 0.08796296296296297 0.007291666666666667 0.012962962962962963
2 0.2984375 0.08842592592592592 0.007291666666666667 0.012962962962962963
2 0.40234375 0.08888888888888889 0.007291666666666667 0.012962962962962963
2 0.6106770833333334 0.08657407407407407 0.007291666666666667 0.012962962962962963
2 0.7145833333333333 0.08657407407407407 0.007291666666666667 0.012962962962962963
2 0.81875 0.08564814814814815 0.007291666666666667 0.012962962962962963
2 0.9505208333333334 0.3148148148148148 0.007291666666666667 0.012962962962962963
2 0.95078125 0.5018518518518519 0.007291666666666667 0.012962962962962963
2 0.9513020833333333 0.687037037037037 0.007291666666666667 0.012962962962962963
2 0.8223958333333333 0.9180555555555555 0.007291666666666667 0.012962962962962963
2 0.7153645833333333 0.9171296296296296 0.007291666666666667 0.012962962962962963
2 0.6111979166666667 0.9171296296296296 0.007291666666666667 0.012962962962962963
2 0.40208333333333335 0.9180555555555555 0.007291666666666667 0.012962962962962963
2 0.29791666666666666 0.9180555555555555 0.007291666666666667 0.012962962962962963
2 0.1921875 0.9180555555555555 0.007291666666666667 0.012962962962962963