3 0.828125 0.5037037037037037 0.024479166666666666 0.041666666666666664
1 0.6841145833333333 0.42453703703703705 0.023958333333333335 0.04351851851851852
4 0.54140625 0.2574074074074074 0.023958333333333335 0.041666666666666664
4 0.3802083333333333 0.17592592592592593 0.023958333333333335 0.04259259259259259
3 0.384375 0.29953703703703705 0.025520833333333333 0.041666666666666664
0 0.4192708333333333 0.4949074074074074 0.024479166666666666 0.03981481481481482
3 0.434375 0.8032407407407407 0.024479166666666666 0.041666666666666664
3 0.37083333333333335 0.8083333333333333 0.023958333333333335 0.041666666666666664
4 0.328125 0.7782407407407408 0.023958333333333335 0.04351851851851852
3 0.30234375 0.7648148148148148 0.025 0.04351851851851852
3 0.29401041666666666 0.4583333333333333 0.025 0.041666666666666664
4 0.17213541666666668 0.2300925925925926 0.025520833333333333 0.044444444444444446
3 0.12786458333333334 0.36435185185185187 0.025 0.041666666666666664
2 0.06380208333333333 0.6861111111111111 0.007291666666666667 0.012962962962962963
2 0.065625 0.5 0.007291666666666667 0.012962962962962963
2 0.0671875 0.3148148148148148 0.007291666666666667 0.012962962962962963
2 0.19505208333333332 0.08842592592592592 0.007291666666666667 0.012962962962962963
2 0.2986979166666667 0.08842592592592592 0.007291666666666667 0.012962962962962963
2 0.40234375 0.08888888888888889 0.007291666666666667 0.012962962962962963
2 0.6104166666666667 0.08703703703703704 0.007291666666666667 0.012962962962962963
2 0.7140625 0.08703703703703704 0.007291666666666667 0.012962962962962963
2 0.81796875 0.08611111111111111 0.007291666666666667 0.012962962962962963
2 0.9489583333333333 0.31342592592592594 0.007291666666666667 0.012962962962962963
2 0.9497395833333333 0.49953703703703706 0.007291666666666667 0.012962962962962963
2 0.9502604166666667 0.6875 0.007291666666666667 0.012962962962962963
2 0.8203125 0.9166666666666666 0.007291666666666667 0.012962962962962963
2 0.7151041666666667 0.9157407407407407 0.007291666666666667 0.012962962962962963
2 0.6109375 0.9157407407407407 0.007291666666666667 0.012962962962962963
2 0.40286458333333336 0.9171296296296296 0.007291666666666667 0.012962962962962963
2 0.29791666666666666 0.9166666666666666 0.007291666666666667 0.012962962962962963
2 0.19166666666666668 0.9171296296296296 0.007291666666666667 0.012962962962962963