3 0.24972916666666667 0.24815714285714285 0.017851190476190475 0.027704761904761906
3 0.2304672619047619 0.3216095238095238 0.015839285714285715 0.02512857142857143
3 0.3975119047619048 0.40117619047619046 0.017047619047619048 0.027061904761904763
1 0.4775059523809524 0.2826 0.01757142857142857 0.02774761904761905
4 0.6308541666666667 0.2805952380952381 0.01620238095238095 0.025923809523809523
4 0.7151755952380952 0.44106190476190477 0.016886904761904763 0.02629047619047619
3 0.7571636904761905 0.41422857142857145 0.016886904761904763 0.02665238095238095
0 0.684595238095238 0.49327619047619053 0.015973214285714285 0.02629047619047619
3 0.6405595238095239 0.7321619047619048 0.014958333333333332 0.02419047619047619
4 0.5056130952380952 0.7522333333333333 0.017532738095238094 0.027795238095238095
3 0.3324642857142857 0.7272714285714286 0.016404761904761905 0.026247619047619047
3 0.33318749999999997 0.668595238095238 0.01624404761904762 0.02521904761904762
2 0.24816666666666667 0.8144285714285714 0.0048095238095238095 0.007995238095238095
2 0.3328541666666667 0.8146523809523809 0.004244047619047619 0.008147619047619048
2 0.4175386904761905 0.8151809523809525 0.005375 0.0086
2 0.5864880952380952 0.8154809523809524 0.004148809523809523 0.007995238095238095
2 0.6710803571428571 0.8148809523809524 0.004904761904761905 0.0067904761904761905
2 0.7559107142857143 0.8147285714285715 0.004431547619047619 0.0070904761904761904
2 0.8649255952380953 0.6418857142857143 0.004997023809523809 0.007542857142857143
2 0.8656815476190476 0.5057047619047619 0.004622023809523809 0.007995238095238095
2 0.8663422619047618 0.37005714285714286 0.00556547619047619 0.008904761904761905
2 0.757889880952381 0.19487619047619048 0.0051875 0.0083
2 0.6724017857142857 0.1944190476190476 0.004904761904761905 0.007995238095238095
2 0.5872440476190477 0.1942714285714286 0.005657738095238096 0.0083
2 0.41711607142857143 0.1938952380952381 0.005279761904761904 0.008752380952380952
2 0.3318630952380952 0.1945714285714286 0.004714285714285714 0.0083
2 0.24651488095238094 0.19487619047619048 0.004904761904761905 0.007695238095238095
2 0.1380625 0.3699047619047619 0.005092261904761905 0.0083
2 0.13830059523809524 0.5059333333333333 0.0048095238095238095 0.009052380952380952
2 0.13891369047619048 0.6420333333333333 0.005092261904761905 0.007847619047619048