3 0.8877604166666667 0.5680555555555555 0.025520833333333333 0.04351851851851852
4 0.7390625 0.7125 0.023958333333333335 0.04259259259259259
4 0.61328125 0.8074074074074075 0.024479166666666666 0.04351851851851852
4 0.6377604166666667 0.17546296296296296 0.025520833333333333 0.04351851851851852
4 0.5611979166666666 0.15833333333333333 0.025 0.044444444444444446
3 0.25859375 0.3902777777777778 0.024479166666666666 0.041666666666666664
0 0.2526041666666667 0.49907407407407406 0.022916666666666665 0.03981481481481482
4 0.22916666666666666 0.4759259259259259 0.024479166666666666 0.041666666666666664
1 0.20677083333333332 0.5078703703703704 0.024479166666666666 0.04259259259259259
3 0.15963541666666667 0.5046296296296297 0.024479166666666666 0.040740740740740744
3 0.10885416666666667 0.36527777777777776 0.024479166666666666 0.040740740740740744
2 0.06432291666666666 0.6861111111111111 0.007291666666666667 0.012962962962962963
2 0.065625 0.4981481481481482 0.007291666666666667 0.012962962962962963
2 0.06666666666666667 0.31342592592592594 0.007291666666666667 0.012962962962962963
2 0.19453125 0.08564814814814815 0.007291666666666667 0.012962962962962963
2 0.29973958333333334 0.08703703703703704 0.007291666666666667 0.012962962962962963
2 0.4015625 0.0875 0.007291666666666667 0.012962962962962963
2 0.61015625 0.08888888888888889 0.007291666666666667 0.012962962962962963
2 0.71484375 0.0875 0.007291666666666667 0.012962962962962963
2 0.81953125 0.08611111111111111 0.007291666666666667 0.012962962962962963
2 0.9502604166666667 0.3143518518518518 0.007291666666666667 0.012962962962962963
2 0.9502604166666667 0.5018518518518519 0.007291666666666667 0.012962962962962963
2 0.95078125 0.6884259259259259 0.007291666666666667 0.012962962962962963
2 0.8213541666666667 0.9175925925925926 0.007291666666666667 0.012962962962962963
2 0.71484375 0.9157407407407407 0.007291666666666667 0.012962962962962963
2 0.6106770833333334 0.9157407407407407 0.007291666666666667 0.012962962962962963
2 0.4015625 0.9157407407407407 0.007291666666666667 0.012962962962962963
2 0.29791666666666666 0.9166666666666666 0.007291666666666667 0.012962962962962963
2 0.19192708333333333 0.9166666666666666 0.007291666666666667 0.012962962962962963