4 0.6135416666666667 0.8074074074074075 0.024479166666666666 0.04259259259259259
3 0.7072916666666667 0.5796296296296296 0.025520833333333333 0.04351851851851852
4 0.6377604166666667 0.17453703703703705 0.026041666666666668 0.044444444444444446
4 0.56171875 0.1574074074074074 0.025 0.04351851851851852
4 0.35234375 0.37592592592592594 0.023958333333333335 0.04259259259259259
3 0.25859375 0.3907407407407407 0.024479166666666666 0.041666666666666664
0 0.2520833333333333 0.4986111111111111 0.022916666666666665 0.040740740740740744
4 0.22838541666666667 0.4759259259259259 0.024479166666666666 0.041666666666666664
1 0.21067708333333332 0.3824074074074074 0.024479166666666666 0.04259259259259259
3 0.1859375 0.5319444444444444 0.024479166666666666 0.040740740740740744
3 0.10859375 0.36435185185185187 0.025 0.040740740740740744
2 0.06380208333333333 0.6861111111111111 0.007291666666666667 0.012962962962962963
2 0.06484375 0.500462962962963 0.007291666666666667 0.012962962962962963
2 0.06666666666666667 0.3125 0.007291666666666667 0.012962962962962963
2 0.19453125 0.08657407407407407 0.007291666666666667 0.012962962962962963
2 0.2989583333333333 0.0875 0.007291666666666667 0.012962962962962963
2 0.40286458333333336 0.08703703703703704 0.007291666666666667 0.012962962962962963
2 0.6106770833333334 0.0875 0.007291666666666667 0.012962962962962963
2 0.71484375 0.08657407407407407 0.007291666666666667 0.012962962962962963
2 0.81953125 0.08472222222222223 0.007291666666666667 0.012962962962962963
2 0.9494791666666667 0.3138888888888889 0.007291666666666667 0.012962962962962963
2 0.95078125 0.500462962962963 0.007291666666666667 0.012962962962962963
2 0.9520833333333333 0.6898148148148148 0.007291666666666667 0.012962962962962963
2 0.8216145833333334 0.9180555555555555 0.007291666666666667 0.012962962962962963
2 0.7158854166666667 0.9166666666666666 0.007291666666666667 0.012962962962962963
2 0.61171875 0.9157407407407407 0.007291666666666667 0.012962962962962963
2 0.40234375 0.9166666666666666 0.007291666666666667 0.012962962962962963
2 0.29739583333333336 0.9162037037037037 0.007291666666666667 0.012962962962962963
2 0.1921875 0.9171296296296296 0.007291666666666667 0.012962962962962963