1 0.8520833333333333 0.425462962962963 0.025520833333333333 0.041666666666666664
4 0.68671875 0.8305555555555556 0.024479166666666666 0.04259259259259259
4 0.6130208333333333 0.8078703703703703 0.024479166666666666 0.04259259259259259
3 0.584375 0.600925925925926 0.025 0.04259259259259259
4 0.6377604166666667 0.175 0.026041666666666668 0.04351851851851852
4 0.5614583333333333 0.15833333333333333 0.025520833333333333 0.04351851851851852
3 0.25859375 0.3912037037037037 0.023958333333333335 0.04259259259259259
0 0.2520833333333333 0.5 0.023958333333333335 0.041666666666666664
4 0.2328125 0.649537037037037 0.024479166666666666 0.041666666666666664
3 0.159375 0.5055555555555555 0.024479166666666666 0.041666666666666664
3 0.14401041666666667 0.2125 0.025 0.041666666666666664
2 0.06354166666666666 0.6861111111111111 0.007291666666666667 0.012962962962962963
2 0.06484375 0.49907407407407406 0.007291666666666667 0.012962962962962963
2 0.065625 0.31203703703703706 0.007291666666666667 0.012962962962962963
2 0.19375 0.08657407407407407 0.007291666666666667 0.012962962962962963
2 0.2989583333333333 0.0875 0.007291666666666667 0.012962962962962963
2 0.403125 0.08842592592592592 0.007291666666666667 0.012962962962962963
2 0.61015625 0.08657407407407407 0.007291666666666667 0.012962962962962963
2 0.7138020833333333 0.08518518518518518 0.007291666666666667 0.012962962962962963
2 0.8200520833333333 0.08518518518518518 0.007291666666666667 0.012962962962962963
2 0.9497395833333333 0.3138888888888889 0.007291666666666667 0.012962962962962963
2 0.95078125 0.5018518518518519 0.007291666666666667 0.012962962962962963
2 0.9515625 0.687962962962963 0.007291666666666667 0.012962962962962963
2 0.8216145833333334 0.9185185185185185 0.007291666666666667 0.012962962962962963
2 0.715625 0.9175925925925926 0.007291666666666667 0.012962962962962963
2 0.6114583333333333 0.9157407407407407 0.007291666666666667 0.012962962962962963
2 0.40182291666666664 0.9171296296296296 0.007291666666666667 0.012962962962962963
2 0.29765625 0.9171296296296296 0.007291666666666667 0.012962962962962963
2 0.19192708333333333 0.9171296296296296 0.007291666666666667 0.012962962962962963