3 0.8153645833333333 0.18518518518518517 0.0234375 0.040740740740740744
3 0.8169270833333333 0.3013888888888889 0.022916666666666665 0.03981481481481482
4 0.7778645833333333 0.5351851851851852 0.023958333333333335 0.041666666666666664
4 0.7682291666666666 0.7699074074074074 0.024479166666666666 0.04259259259259259
3 0.7333333333333333 0.7416666666666667 0.022395833333333334 0.040740740740740744
1 0.72265625 0.5277777777777778 0.024479166666666666 0.040740740740740744
3 0.6143229166666667 0.3976851851851852 0.023958333333333335 0.040740740740740744
0 0.5994791666666667 0.5712962962962963 0.022395833333333334 0.040740740740740744
4 0.5916666666666667 0.674074074074074 0.022916666666666665 0.041666666666666664
3 0.5653645833333333 0.5787037037037037 0.0234375 0.041666666666666664
4 0.4908854166666667 0.4486111111111111 0.0234375 0.03888888888888889
4 0.440625 0.5856481481481481 0.0234375 0.041666666666666664
4 0.23723958333333334 0.7703703703703704 0.0234375 0.040740740740740744
2 0.06536458333333334 0.6819444444444445 0.007291666666666667 0.012962962962962963
2 0.065625 0.4986111111111111 0.007291666666666667 0.012962962962962963
2 0.065625 0.3143518518518518 0.007291666666666667 0.012962962962962963
2 0.1921875 0.08935185185185185 0.007291666666666667 0.012962962962962963
2 0.2955729166666667 0.08981481481481482 0.007291666666666667 0.012962962962962963
2 0.39895833333333336 0.0912037037037037 0.007291666666666667 0.012962962962962963
2 0.6028645833333334 0.09074074074074075 0.007291666666666667 0.012962962962962963
2 0.7065104166666667 0.08981481481481482 0.007291666666666667 0.012962962962962963
2 0.8104166666666667 0.08888888888888889 0.007291666666666667 0.012962962962962963
2 0.9372395833333333 0.31296296296296294 0.007291666666666667 0.012962962962962963
2 0.9369791666666667 0.4976851851851852 0.007291666666666667 0.012962962962962963
2 0.9380208333333333 0.6819444444444445 0.007291666666666667 0.012962962962962963
2 0.8111979166666666 0.9083333333333333 0.007291666666666667 0.012962962962962963
2 0.70703125 0.9087962962962963 0.007291666666666667 0.012962962962962963
2 0.6041666666666666 0.9087962962962963 0.007291666666666667 0.012962962962962963
2 0.39869791666666665 0.9092592592592592 0.007291666666666667 0.012962962962962963
2 0.29609375 0.9078703703703703 0.007291666666666667 0.012962962962962963
2 0.19166666666666668 0.9083333333333333 0.007291666666666667 0.012962962962962963