2 0.2414404761904762 0.4591190476190476 0.003607142857142857 0.003485714285714286
2 0.30555059523809525 0.44438571428571433 0.0034226190476190476 0.0028857142857142857
2 0.36502380952380953 0.430452380952381 0.0032976190476190475 0.0028857142857142857
2 0.4821071428571429 0.4392095238095238 0.0034226190476190476 0.003880952380952381
2 0.5226666666666667 0.4610619047619048 0.0034226190476190476 0.0025857142857142854
2 0.5672738095238095 0.4855952380952381 0.003794642857142857 0.003680952380952381
2 0.6717559523809523 0.5418857142857143 0.004229166666666667 0.003780952380952381
2 0.7344345238095238 0.5757285714285714 0.004541666666666667 0.003185714285714286
2 0.804702380952381 0.6138 0.005101190476190476 0.004480952380952381
2 0.8271904761904763 0.7175714285714286 0.0061577380952380955 0.005376190476190475
2 0.7534077380952381 0.7587285714285714 0.006282738095238095 0.006071428571428571
2 0.669985119047619 0.8055095238095238 0.0061577380952380955 0.006271428571428571
2 0.45016071428571425 0.7784857142857142 0.005598214285714285 0.006571428571428572
2 0.38872619047619045 0.7167714285714286 0.005785714285714286 0.0057714285714285714
2 0.33637500000000004 0.6645666666666666 0.005351190476190476 0.004876190476190477
2 0.25263988095238094 0.5805047619047619 0.004604166666666667 0.004580952380952381
2 0.21805059523809522 0.5455666666666666 0.004976190476190476 0.004180952380952381
2 0.18731845238095238 0.5143142857142857 0.004479166666666667 0.003780952380952381
4 0.3235297619047619 0.496247619047619 0.012877976190476191 0.022395238095238097
4 0.5493690476190477 0.7538571428571428 0.02000297619047619 0.03488095238095238
4 0.48610714285714285 0.6497619047619048 0.017080357142857144 0.030204761904761904
4 0.6443214285714286 0.6317809523809523 0.017080357142857144 0.028766666666666666
4 0.634544642857143 0.6472428571428571 0.016404761904761905 0.028047619047619047
4 0.6257797619047619 0.6654 0.018202380952380953 0.02912380952380952
4 0.5703839285714286 0.5339761904761904 0.01393452380952381 0.023014285714285713
3 0.5454375 0.522647619047619 0.01393452380952381 0.021933333333333336
3 0.47239583333333335 0.520852380952381 0.013485119047619048 0.021933333333333336
3 0.5634166666666667 0.604095238095238 0.015732142857142858 0.026609523809523812
3 0.5682470238095237 0.6616238095238096 0.016854166666666667 0.028766666666666666
3 0.6083630952380952 0.7419904761904762 0.019776785714285715 0.032004761904761904
3 0.7169107142857143 0.6760095238095237 0.017979166666666664 0.030204761904761904
0 0.6191517857142856 0.6508380952380952 0.01663095238095238 0.028766666666666666
1 0.44778869047619047 0.49172380952380945 0.011910714285714287 0.02265238095238095