3 0.878125 0.15416666666666667 0.024479166666666666 0.04259259259259259
4 0.35052083333333334 0.16111111111111112 0.024479166666666666 0.04351851851851852
4 0.33255208333333336 0.46435185185185185 0.025 0.04259259259259259
4 0.23854166666666668 0.40046296296296297 0.023958333333333335 0.04259259259259259
0 0.24244791666666668 0.5819444444444445 0.0234375 0.040740740740740744
1 0.11041666666666666 0.33564814814814814 0.024479166666666666 0.04351851851851852
3 0.11171875 0.6791666666666667 0.024479166666666666 0.041666666666666664
4 0.13958333333333334 0.7282407407407407 0.025 0.04259259259259259
2 0.19427083333333334 0.08935185185185185 0.007291666666666667 0.012962962962962963
2 0.29765625 0.08981481481481482 0.007291666666666667 0.012962962962962963
2 0.4015625 0.09027777777777778 0.007291666666666667 0.012962962962962963
2 0.6096354166666667 0.0875 0.007291666666666667 0.012962962962962963
2 0.7140625 0.08518518518518518 0.007291666666666667 0.012962962962962963
2 0.8177083333333334 0.08518518518518518 0.007291666666666667 0.012962962962962963
2 0.9489583333333333 0.3111111111111111 0.007291666666666667 0.012962962962962963
2 0.9497395833333333 0.4981481481481482 0.007291666666666667 0.012962962962962963
2 0.95078125 0.6851851851851852 0.007291666666666667 0.012962962962962963
2 0.8213541666666667 0.9148148148148149 0.007291666666666667 0.012962962962962963
2 0.7158854166666667 0.9143518518518519 0.007291666666666667 0.012962962962962963
2 0.6114583333333333 0.9152777777777777 0.007291666666666667 0.012962962962962963
2 0.40338541666666666 0.9166666666666666 0.007291666666666667 0.012962962962962963
2 0.29921875 0.9180555555555555 0.007291666666666667 0.012962962962962963
2 0.19375 0.9189814814814815 0.007291666666666667 0.012962962962962963
2 0.06510416666666667 0.6875 0.007291666666666667 0.012962962962962963
2 0.06588541666666667 0.5013888888888889 0.007291666666666667 0.012962962962962963
2 0.06666666666666667 0.3125 0.007291666666666667 0.012962962962962963