3 0.8153645833333333 0.18564814814814815 0.022916666666666665 0.041666666666666664
3 0.81640625 0.3013888888888889 0.021875 0.040740740740740744
3 0.8541666666666666 0.44027777777777777 0.0234375 0.040740740740740744
4 0.8502604166666666 0.6731481481481482 0.025 0.041666666666666664
4 0.7783854166666667 0.5342592592592592 0.024479166666666666 0.041666666666666664
3 0.7533854166666667 0.5814814814814815 0.0234375 0.040740740740740744
3 0.7338541666666667 0.7412037037037037 0.022395833333333334 0.03981481481481482
0 0.7190104166666667 0.5009259259259259 0.022395833333333334 0.040740740740740744
3 0.6143229166666667 0.39814814814814814 0.0234375 0.040740740740740744
1 0.6221354166666667 0.6601851851851852 0.0234375 0.041666666666666664
4 0.5916666666666667 0.674537037037037 0.0234375 0.041666666666666664
3 0.5658854166666667 0.5782407407407407 0.023958333333333335 0.041666666666666664
4 0.49114583333333334 0.44907407407407407 0.0234375 0.03888888888888889
4 0.44088541666666664 0.5847222222222223 0.023958333333333335 0.040740740740740744
4 0.23776041666666667 0.7699074074074074 0.024479166666666666 0.041666666666666664
2 0.19114583333333332 0.09027777777777778 0.007291666666666667 0.012962962962962963
2 0.29453125 0.09027777777777778 0.007291666666666667 0.012962962962962963
2 0.39739583333333334 0.09074074074074075 0.007291666666666667 0.012962962962962963
2 0.6033854166666667 0.09027777777777778 0.007291666666666667 0.012962962962962963
2 0.7067708333333333 0.08888888888888889 0.007291666666666667 0.012962962962962963
2 0.8098958333333334 0.08842592592592592 0.007291666666666667 0.012962962962962963
2 0.9369791666666667 0.31342592592592594 0.007291666666666667 0.012962962962962963
2 0.9372395833333333 0.49722222222222223 0.007291666666666667 0.012962962962962963
2 0.9377604166666667 0.6814814814814815 0.007291666666666667 0.012962962962962963
2 0.8106770833333333 0.9092592592592592 0.007291666666666667 0.012962962962962963
2 0.70703125 0.9087962962962963 0.007291666666666667 0.012962962962962963
2 0.6041666666666666 0.9087962962962963 0.007291666666666667 0.012962962962962963
2 0.39895833333333336 0.9092592592592592 0.007291666666666667 0.012962962962962963
2 0.2953125 0.9087962962962963 0.007291666666666667 0.012962962962962963
2 0.1921875 0.9087962962962963 0.007291666666666667 0.012962962962962963
2 0.06458333333333334 0.6828703703703703 0.007291666666666667 0.012962962962962963
2 0.06588541666666667 0.4986111111111111 0.007291666666666667 0.012962962962962963
2 0.06510416666666667 0.3143518518518518 0.007291666666666667 0.012962962962962963