4 0.5630208333333333 0.25092592592592594 0.013541666666666667 0.025925925925925925
3 0.5703125 0.30277777777777776 0.015104166666666667 0.025925925925925925
3 0.5192708333333333 0.2375 0.013541666666666667 0.024074074074074074
1 0.45807291666666666 0.24722222222222223 0.014583333333333334 0.025
3 0.353125 0.24768518518518517 0.013541666666666667 0.025
3 0.3536458333333333 0.3060185185185185 0.015104166666666667 0.026851851851851852
3 0.46328125 0.35 0.015104166666666667 0.026851851851851852
4 0.5135416666666667 0.3662037037037037 0.016145833333333335 0.026851851851851852
0 0.5380208333333333 0.5217592592592593 0.0171875 0.03148148148148148
4 0.5026041666666666 0.549074074074074 0.018229166666666668 0.03333333333333333
3 0.45729166666666665 0.5625 0.018229166666666668 0.032407407407407406
3 0.4890625 0.6212962962962963 0.019270833333333334 0.03518518518518519
4 0.45 0.6467592592592593 0.01875 0.03518518518518519
4 0.46171875 0.6967592592592593 0.0203125 0.037037037037037035
2 0.24114583333333334 0.6393518518518518 0.007291666666666667 0.012962962962962963
2 0.25755208333333335 0.5555555555555556 0.007291666666666667 0.012962962962962963
2 0.2734375 0.4828703703703704 0.007291666666666667 0.012962962962962963
2 0.2984375 0.3611111111111111 0.007291666666666667 0.012962962962962963
2 0.31015625 0.30925925925925923 0.007291666666666667 0.012962962962962963
2 0.31927083333333334 0.2625 0.007291666666666667 0.012962962962962963
2 0.4270833333333333 0.20787037037037037 0.007291666666666667 0.012962962962962963
2 0.5002604166666667 0.20787037037037037 0.007291666666666667 0.012962962962962963
2 0.57421875 0.20787037037037037 0.007291666666666667 0.012962962962962963
2 0.6796875 0.26481481481481484 0.007291666666666667 0.012962962962962963
2 0.6880208333333333 0.31342592592592594 0.007291666666666667 0.012962962962962963
2 0.6966145833333334 0.3648148148148148 0.007291666666666667 0.012962962962962963
2 0.7171875 0.487962962962963 0.007291666666666667 0.012962962962962963
2 0.7294270833333333 0.5625 0.007291666666666667 0.012962962962962963
2 0.7434895833333334 0.6453703703703704 0.007291666666666667 0.012962962962962963
2 0.60859375 0.7680555555555556 0.007291666666666667 0.012962962962962963
2 0.4875 0.7652777777777777 0.007291666666666667 0.012962962962962963
2 0.36822916666666666 0.7643518518518518 0.007291666666666667 0.012962962962962963