3 0.61875 0.4597222222222222 0.017708333333333333 0.02962962962962963
3 0.5544270833333333 0.5314814814814814 0.017708333333333333 0.030555555555555555
0 0.4705729166666667 0.5550925925925926 0.018229166666666668 0.03333333333333333
4 0.43307291666666664 0.2935185185185185 0.015625 0.026851851851851852
4 0.33619791666666665 0.3861111111111111 0.015625 0.02962962962962963
4 0.34348958333333335 0.6199074074074075 0.019270833333333334 0.03518518518518519
1 0.37890625 0.7240740740740741 0.020833333333333332 0.026851851851851852
4 0.28515625 0.6861111111111111 0.0203125 0.03611111111111111
2 0.24192708333333332 0.6375 0.007291666666666667 0.012962962962962963
2 0.25755208333333335 0.5550925925925926 0.007291666666666667 0.012962962962962963
2 0.2734375 0.48333333333333334 0.007291666666666667 0.012962962962962963
2 0.2986979166666667 0.36157407407407405 0.007291666666666667 0.012962962962962963
2 0.31015625 0.3087962962962963 0.007291666666666667 0.012962962962962963
2 0.32005208333333335 0.262037037037037 0.007291666666666667 0.012962962962962963
2 0.4270833333333333 0.2074074074074074 0.007291666666666667 0.012962962962962963
2 0.5002604166666667 0.20879629629629629 0.007291666666666667 0.012962962962962963
2 0.5744791666666667 0.20879629629629629 0.007291666666666667 0.012962962962962963
2 0.6799479166666667 0.26481481481481484 0.007291666666666667 0.012962962962962963
2 0.6885416666666667 0.3125 0.007291666666666667 0.012962962962962963
2 0.69609375 0.36527777777777776 0.007291666666666667 0.012962962962962963
2 0.7174479166666666 0.48842592592592593 0.007291666666666667 0.012962962962962963
2 0.7302083333333333 0.562037037037037 0.007291666666666667 0.012962962962962963
2 0.74375 0.6449074074074074 0.007291666666666667 0.012962962962962963
2 0.6091145833333333 0.7685185185185185 0.007291666666666667 0.012962962962962963
2 0.48828125 0.7662037037037037 0.007291666666666667 0.012962962962962963
2 0.3684895833333333 0.7638888888888888 0.007291666666666667 0.012962962962962963