3 0.54453125 0.2652777777777778 0.015104166666666667 0.025925925925925925
3 0.5252604166666667 0.2708333333333333 0.0140625 0.025
3 0.5666666666666667 0.39351851851851855 0.016145833333333335 0.028703703703703703
3 0.4861979166666667 0.4537037037037037 0.016666666666666666 0.02962962962962963
3 0.5739583333333333 0.6472222222222223 0.019270833333333334 0.03518518518518519
4 0.4440104166666667 0.6268518518518519 0.019270833333333334 0.03518518518518519
0 0.47604166666666664 0.5763888888888888 0.018229166666666668 0.03333333333333333
1 0.32135416666666666 0.5703703703703704 0.01875 0.03333333333333333
3 0.28020833333333334 0.6712962962962963 0.019791666666666666 0.03425925925925926
2 0.24140625 0.637962962962963 0.007291666666666667 0.012962962962962963
2 0.25833333333333336 0.5560185185185185 0.007291666666666667 0.012962962962962963
2 0.27317708333333335 0.4837962962962963 0.007291666666666667 0.012962962962962963
2 0.2989583333333333 0.36157407407407405 0.007291666666666667 0.012962962962962963
2 0.3098958333333333 0.30972222222222223 0.007291666666666667 0.012962962962962963
2 0.31979166666666664 0.2625 0.007291666666666667 0.012962962962962963
2 0.42682291666666666 0.20787037037037037 0.007291666666666667 0.012962962962962963
2 0.50078125 0.20787037037037037 0.007291666666666667 0.012962962962962963
2 0.5747395833333333 0.20879629629629629 0.007291666666666667 0.012962962962962963
2 0.68046875 0.26481481481481484 0.007291666666666667 0.012962962962962963
2 0.68828125 0.31203703703703706 0.007291666666666667 0.012962962962962963
2 0.6971354166666667 0.3648148148148148 0.007291666666666667 0.012962962962962963
2 0.7177083333333333 0.48842592592592593 0.007291666666666667 0.012962962962962963
2 0.7302083333333333 0.562037037037037 0.007291666666666667 0.012962962962962963
2 0.7442708333333333 0.6453703703703704 0.007291666666666667 0.012962962962962963
2 0.6083333333333333 0.7685185185185185 0.007291666666666667 0.012962962962962963
2 0.48828125 0.7662037037037037 0.007291666666666667 0.012962962962962963
2 0.36875 0.7643518518518518 0.007291666666666667 0.012962962962962963