3 0.90234375 0.4203703703703704 0.013541666666666667 0.016666666666666666
1 0.88046875 0.4050925925925926 0.013541666666666667 0.023148148148148147
4 0.8513020833333333 0.37175925925925923 0.013541666666666667 0.023148148148148147
4 0.79609375 0.3902777777777778 0.013541666666666667 0.023148148148148147
4 0.8114583333333333 0.4351851851851852 0.013541666666666667 0.023148148148148147
3 0.7440104166666667 0.3523148148148148 0.0125 0.020370370370370372
0 0.7520833333333333 0.39675925925925926 0.0125 0.022222222222222223
4 0.73046875 0.4824074074074074 0.015104166666666667 0.025925925925925925
3 0.6614583333333334 0.43703703703703706 0.013541666666666667 0.023148148148148147
3 0.5622395833333333 0.43287037037037035 0.013541666666666667 0.023148148148148147
3 0.44088541666666664 0.5162037037037037 0.0140625 0.025
3 0.42161458333333335 0.5111111111111111 0.0140625 0.025925925925925925
4 0.35390625 0.5157407407407407 0.014583333333333334 0.025925925925925925
2 0.3533854166666667 0.4398148148148148 0.011458333333333333 0.012962962962962963
2 0.41458333333333336 0.41435185185185186 0.011458333333333333 0.012962962962962963
2 0.47239583333333335 0.3902777777777778 0.011458333333333333 0.012962962962962963
2 0.5786458333333333 0.3458333333333333 0.011458333333333333 0.012962962962962963
2 0.6276041666666666 0.32592592592592595 0.011458333333333333 0.012962962962962963
2 0.6739583333333333 0.30648148148148147 0.011458333333333333 0.012962962962962963
2 0.79140625 0.31342592592592594 0.011458333333333333 0.012962962962962963
2 0.8419270833333333 0.3388888888888889 0.011458333333333333 0.012962962962962963
2 0.89609375 0.3662037037037037 0.011458333333333333 0.012962962962962963
2 0.91484375 0.43657407407407406 0.011458333333333333 0.012962962962962963
2 0.86796875 0.4634259259259259 0.011458333333333333 0.012962962962962963
2 0.8174479166666667 0.49212962962962964 0.011458333333333333 0.012962962962962963
2 0.7072916666666667 0.5541666666666667 0.011458333333333333 0.012962962962962963
2 0.64609375 0.5884259259259259 0.011458333333333333 0.012962962962962963
2 0.5807291666666666 0.625462962962963 0.011458333333333333 0.012962962962962963
2 0.4171875 0.612037037037037 0.011458333333333333 0.012962962962962963
2 0.36744791666666665 0.5666666666666667 0.011458333333333333 0.012962962962962963
2 0.3221354166666667 0.524074074074074 0.011458333333333333 0.012962962962962963