2 0.371235119047619 0.6819333333333333 0.006651785714285715 0.0064428571428571425
2 0.3087797619047619 0.600352380952381 0.0063898809523809524 0.006023809523809524
2 0.25538392857142855 0.5306714285714286 0.0055148809523809525 0.005042857142857143
2 0.16924999999999998 0.41771904761904766 0.005339285714285715 0.004061904761904761
2 0.13362202380952382 0.3708666666666667 0.00481547619047619 0.003923809523809524
2 0.10193452380952381 0.3292714285714286 0.004639880952380953 0.003923809523809524
2 0.17507142857142857 0.2563714285714286 0.004377976190476191 0.0032190476190476188
2 0.25498809523809524 0.23823333333333335 0.003675595238095238 0.0028
2 0.3298333333333333 0.22065714285714286 0.003851190476190476 0.002942857142857143
2 0.471375 0.23585238095238095 0.0040267857142857145 0.0033619047619047617
2 0.5170267857142857 0.2665952380952381 0.004464285714285714 0.0034999999999999996
2 0.5676636904761905 0.3007 0.004202380952380952 0.0033619047619047617
2 0.6855744047619048 0.3801809523809524 0.004377976190476191 0.0034999999999999996
2 0.7554702380952382 0.4276619047619048 0.005339285714285715 0.003780952380952381
2 0.835172619047619 0.4815142857142857 0.0054285714285714284 0.004480952380952381
2 0.8406875 0.6194666666666667 0.005776785714285714 0.005323809523809524
2 0.7408095238095238 0.6702380952380952 0.0064761904761904765 0.005742857142857143
2 0.6297261904761905 0.7268190476190476 0.006651785714285715 0.006580952380952381
4 0.554952380952381 0.6056142857142857 0.023172619047619046 0.03911428571428571
4 0.4311220238095238 0.48928571428571427 0.020833333333333332 0.03503333333333333
4 0.35119047619047616 0.3894571428571429 0.018282738095238095 0.031971428571428574
4 0.6676220238095238 0.4477904761904762 0.019770833333333335 0.03231428571428571
4 0.7724285714285715 0.5028904761904761 0.021044642857142856 0.034352380952380954
3 0.4737470238095238 0.5778904761904762 0.02189583333333333 0.0380952380952381
3 0.4893720238095238 0.47091904761904757 0.019556547619047616 0.0329952380952381
3 0.3898809523809524 0.4336714285714286 0.018708333333333334 0.03129047619047619
3 0.21109821428571426 0.35187142857142856 0.017857142857142856 0.02959047619047619
3 0.2512767857142857 0.2852047619047619 0.015306547619047619 0.02619047619047619
3 0.3236607142857143 0.2942190476190476 0.01594345238095238 0.02720952380952381
3 0.4086934523809524 0.24489999999999998 0.014669642857142857 0.02449047619047619
0 0.3161130952380953 0.3261904761904762 0.016157738095238097 0.02857142857142857
1 0.25818452380952384 0.27176666666666666 0.015092261904761905 0.025852380952380953