3 0.7171875 0.40555555555555556 0.013020833333333334 0.020370370370370372
0 0.7216145833333333 0.4162037037037037 0.011979166666666667 0.022222222222222223
3 0.7515625 0.43333333333333335 0.0140625 0.024074074074074074
3 0.7083333333333334 0.36574074074074076 0.011458333333333333 0.021296296296296296
4 0.65859375 0.4 0.013541666666666667 0.023148148148148147
4 0.6799479166666667 0.46296296296296297 0.0140625 0.025
3 0.6708333333333333 0.4810185185185185 0.013541666666666667 0.025
1 0.6533854166666667 0.5365740740740741 0.015104166666666667 0.026851851851851852
4 0.5796875 0.5791666666666667 0.015625 0.028703703703703703
3 0.5580729166666667 0.49444444444444446 0.0140625 0.024074074074074074
4 0.5151041666666667 0.48564814814814816 0.0140625 0.026851851851851852
4 0.43072916666666666 0.4388888888888889 0.013541666666666667 0.025
3 0.35260416666666666 0.49074074074074076 0.0140625 0.025
2 0.41744791666666664 0.6111111111111112 0.011458333333333333 0.012962962962962963
2 0.36770833333333336 0.5657407407407408 0.011458333333333333 0.012962962962962963
2 0.3221354166666667 0.5236111111111111 0.011458333333333333 0.012962962962962963
2 0.3536458333333333 0.4388888888888889 0.011458333333333333 0.012962962962962963
2 0.41458333333333336 0.4134259259259259 0.011458333333333333 0.012962962962962963
2 0.47213541666666664 0.38981481481481484 0.011458333333333333 0.012962962962962963
2 0.5786458333333333 0.3453703703703704 0.011458333333333333 0.012962962962962963
2 0.6276041666666666 0.325 0.011458333333333333 0.012962962962962963
2 0.6736979166666667 0.3055555555555556 0.011458333333333333 0.012962962962962963
2 0.79140625 0.3125 0.011458333333333333 0.012962962962962963
2 0.8421875 0.3384259259259259 0.011458333333333333 0.012962962962962963
2 0.8963541666666667 0.36527777777777776 0.011458333333333333 0.012962962962962963
2 0.9153645833333334 0.4361111111111111 0.011458333333333333 0.012962962962962963
2 0.86796875 0.46296296296296297 0.011458333333333333 0.012962962962962963
2 0.8177083333333334 0.4912037037037037 0.011458333333333333 0.012962962962962963
2 0.7075520833333333 0.5532407407407407 0.011458333333333333 0.012962962962962963
2 0.6463541666666667 0.5879629629629629 0.011458333333333333 0.012962962962962963
2 0.58046875 0.625 0.011458333333333333 0.012962962962962963