4 0.6638020833333333 0.4976851851851852 0.015104166666666667 0.027777777777777776
3 0.70390625 0.5013888888888889 0.015104166666666667 0.026851851851851852
4 0.7177083333333333 0.4986111111111111 0.014583333333333334 0.026851851851851852
3 0.7026041666666667 0.4337962962962963 0.013020833333333334 0.024074074074074074
3 0.7244791666666667 0.4074074074074074 0.0140625 0.023148148148148147
0 0.80703125 0.4152777777777778 0.013020833333333334 0.022222222222222223
4 0.7552083333333334 0.3685185185185185 0.0125 0.022222222222222223
4 0.69765625 0.35138888888888886 0.0125 0.022222222222222223
3 0.6328125 0.36944444444444446 0.011979166666666667 0.022222222222222223
3 0.534375 0.45046296296296295 0.013541666666666667 0.023148148148148147
4 0.5606770833333333 0.4810185185185185 0.0140625 0.025925925925925925
4 0.5533854166666666 0.611574074074074 0.015625 0.021296296296296296
1 0.5010416666666667 0.6143518518518518 0.015625 0.028703703703703703
4 0.4557291666666667 0.4925925925925926 0.0140625 0.025925925925925925
3 0.415625 0.4597222222222222 0.013020833333333334 0.024074074074074074
3 0.40260416666666665 0.4925925925925926 0.0140625 0.025
2 0.41744791666666664 0.6106481481481482 0.011458333333333333 0.012962962962962963
2 0.36744791666666665 0.5648148148148148 0.011458333333333333 0.012962962962962963
2 0.3221354166666667 0.5236111111111111 0.011458333333333333 0.012962962962962963
2 0.3536458333333333 0.4388888888888889 0.011458333333333333 0.012962962962962963
2 0.41458333333333336 0.412962962962963 0.011458333333333333 0.012962962962962963
2 0.47239583333333335 0.38842592592592595 0.011458333333333333 0.012962962962962963
2 0.5786458333333333 0.34444444444444444 0.011458333333333333 0.012962962962962963
2 0.6276041666666666 0.324537037037037 0.011458333333333333 0.012962962962962963
2 0.6739583333333333 0.3050925925925926 0.011458333333333333 0.012962962962962963
2 0.79140625 0.3125 0.011458333333333333 0.012962962962962963
2 0.8421875 0.3375 0.011458333333333333 0.012962962962962963
2 0.89609375 0.3648148148148148 0.011458333333333333 0.012962962962962963
2 0.9151041666666667 0.4356481481481482 0.011458333333333333 0.012962962962962963
2 0.86796875 0.462037037037037 0.011458333333333333 0.012962962962962963
2 0.8177083333333334 0.49074074074074076 0.011458333333333333 0.012962962962962963
2 0.7072916666666667 0.5532407407407407 0.011458333333333333 0.012962962962962963
2 0.6463541666666667 0.5875 0.011458333333333333 0.012962962962962963
2 0.5807291666666666 0.624537037037037 0.011458333333333333 0.012962962962962963