3 0.7705729166666667 0.42592592592592593 0.0125 0.023148148148148147
3 0.8111979166666666 0.3921296296296296 0.0125 0.021296296296296296
3 0.6875 0.33101851851851855 0.011458333333333333 0.020370370370370372
3 0.6838541666666667 0.36574074074074076 0.011979166666666667 0.021296296296296296
3 0.6578125 0.37916666666666665 0.013020833333333334 0.022222222222222223
0 0.68046875 0.41435185185185186 0.013020833333333334 0.023148148148148147
1 0.6013020833333333 0.575 0.015625 0.027777777777777776
4 0.5739583333333333 0.5560185185185185 0.015104166666666667 0.028703703703703703
3 0.5440104166666667 0.6078703703703704 0.015625 0.028703703703703703
4 0.49166666666666664 0.5944444444444444 0.015625 0.025925925925925925
4 0.48723958333333334 0.6138888888888889 0.015625 0.028703703703703703
3 0.39114583333333336 0.5486111111111112 0.014583333333333334 0.025
4 0.45208333333333334 0.5259259259259259 0.014583333333333334 0.026851851851851852
2 0.3221354166666667 0.525 0.011458333333333333 0.012962962962962963
2 0.3671875 0.5666666666666667 0.011458333333333333 0.012962962962962963
2 0.41692708333333334 0.612037037037037 0.011458333333333333 0.012962962962962963
2 0.58046875 0.6259259259259259 0.011458333333333333 0.012962962962962963
2 0.6463541666666667 0.5893518518518519 0.011458333333333333 0.012962962962962963
2 0.7075520833333333 0.5550925925925926 0.011458333333333333 0.012962962962962963
2 0.8177083333333334 0.4925925925925926 0.011458333333333333 0.012962962962962963
2 0.86796875 0.4638888888888889 0.011458333333333333 0.012962962962962963
2 0.91484375 0.4375 0.011458333333333333 0.012962962962962963
2 0.8958333333333334 0.36666666666666664 0.011458333333333333 0.012962962962962963
2 0.84140625 0.33935185185185185 0.011458333333333333 0.012962962962962963
2 0.7908854166666667 0.3138888888888889 0.011458333333333333 0.012962962962962963
2 0.6731770833333334 0.30648148148148147 0.011458333333333333 0.012962962962962963
2 0.6270833333333333 0.32592592592592595 0.011458333333333333 0.012962962962962963
2 0.5783854166666667 0.34629629629629627 0.011458333333333333 0.012962962962962963
2 0.471875 0.3902777777777778 0.011458333333333333 0.012962962962962963
2 0.41432291666666665 0.41435185185185186 0.011458333333333333 0.012962962962962963
2 0.3528645833333333 0.4398148148148148 0.011458333333333333 0.012962962962962963