4 0.5109375 0.5041666666666667 0.008333333333333333 0.014814814814814815
4 0.584375 0.5481481481481482 0.009895833333333333 0.017592592592592594
3 0.5713541666666667 0.5236111111111111 0.008854166666666666 0.01574074074074074
0 0.5643229166666667 0.5597222222222222 0.009895833333333333 0.017592592592592594
4 0.5361979166666667 0.5898148148148148 0.010416666666666666 0.019444444444444445
4 0.48151041666666666 0.6111111111111112 0.011458333333333333 0.019444444444444445
4 0.4940104166666667 0.5518518518518518 0.010416666666666666 0.016666666666666666
1 0.44088541666666664 0.5643518518518519 0.009895833333333333 0.017592592592592594
4 0.37786458333333334 0.6148148148148148 0.011458333333333333 0.012962962962962963
4 0.40859375 0.5643518518518519 0.009895833333333333 0.017592592592592594
2 0.35182291666666665 0.5962962962962963 0.007291666666666667 0.009259259259259259
2 0.35963541666666665 0.575462962962963 0.007291666666666667 0.009259259259259259
2 0.37864583333333335 0.525 0.007291666666666667 0.009259259259259259
2 0.3841145833333333 0.5111111111111111 0.007291666666666667 0.009259259259259259
2 0.3888020833333333 0.4981481481481482 0.007291666666666667 0.009259259259259259
2 0.44973958333333336 0.4828703703703704 0.007291666666666667 0.009259259259259259
2 0.4934895833333333 0.4824074074074074 0.007291666666666667 0.009259259259259259
2 0.5630208333333333 0.4824074074074074 0.007291666666666667 0.009259259259259259
2 0.5971354166666667 0.4962962962962963 0.007291666666666667 0.009259259259259259
2 0.6015625 0.5092592592592593 0.007291666666666667 0.009259259259259259
2 0.6065104166666667 0.5231481481481481 0.007291666666666667 0.009259259259259259
2 0.6174479166666667 0.5550925925925926 0.007291666666666667 0.009259259259259259
2 0.6239583333333333 0.5736111111111111 0.007291666666666667 0.009259259259259259
2 0.6309895833333333 0.5935185185185186 0.007291666666666667 0.009259259259259259
2 0.55703125 0.625 0.007291666666666667 0.009259259259259259
2 0.49114583333333334 0.625462962962963 0.007291666666666667 0.009259259259259259
2 0.42473958333333334 0.6259259259259259 0.007291666666666667 0.009259259259259259