4 0.43020833333333336 0.6518518518518519 0.0203125 0.037037037037037035
3 0.44244791666666666 0.5657407407407408 0.01875 0.032407407407407406
4 0.45026041666666666 0.5902777777777778 0.019270833333333334 0.03333333333333333
0 0.52421875 0.5685185185185185 0.018229166666666668 0.032407407407407406
3 0.6747395833333333 0.5435185185185185 0.017708333333333333 0.032407407407407406
3 0.6463541666666667 0.47175925925925927 0.016145833333333335 0.02962962962962963
4 0.5989583333333334 0.4439814814814815 0.016145833333333335 0.02962962962962963
4 0.5135416666666667 0.4962962962962963 0.0171875 0.03148148148148148
3 0.5088541666666667 0.35509259259259257 0.0140625 0.025
4 0.43984375 0.26805555555555555 0.011979166666666667 0.022222222222222223
3 0.34661458333333334 0.42407407407407405 0.015625 0.027777777777777776
3 0.3020833333333333 0.4152777777777778 0.015104166666666667 0.027777777777777776
3 0.29635416666666664 0.39814814814814814 0.015104166666666667 0.025925925925925925
1 0.28411458333333334 0.3773148148148148 0.014583333333333334 0.026851851851851852
4 0.22786458333333334 0.3384259259259259 0.014583333333333334 0.025925925925925925
2 0.17265625 0.35185185185185186 0.007291666666666667 0.012962962962962963
2 0.19192708333333333 0.39444444444444443 0.007291666666666667 0.012962962962962963
2 0.2125 0.44212962962962965 0.007291666666666667 0.012962962962962963
2 0.2625 0.5564814814814815 0.007291666666666667 0.012962962962962963
2 0.29401041666666666 0.6277777777777778 0.007291666666666667 0.012962962962962963
2 0.3307291666666667 0.7106481481481481 0.007291666666666667 0.012962962962962963
2 0.5385416666666667 0.7736111111111111 0.007291666666666667 0.012962962962962963
2 0.6447916666666667 0.7263888888888889 0.007291666666666667 0.012962962962962963
2 0.7419270833333333 0.6833333333333333 0.007291666666666667 0.012962962962962963
2 0.7651041666666667 0.5435185185185185 0.007291666666666667 0.012962962962962963
2 0.7052083333333333 0.4842592592592593 0.007291666666666667 0.012962962962962963
2 0.6528645833333333 0.4324074074074074 0.007291666666666667 0.012962962962962963
2 0.565625 0.3458333333333333 0.007291666666666667 0.012962962962962963
2 0.52890625 0.30925925925925923 0.007291666666666667 0.012962962962962963
2 0.49583333333333335 0.2759259259259259 0.007291666666666667 0.012962962962962963
2 0.37838541666666664 0.25555555555555554 0.007291666666666667 0.012962962962962963
2 0.31328125 0.26944444444444443 0.007291666666666667 0.012962962962962963