4 0.7666666666666667 0.5296296296296297 0.034375 0.06018518518518518
0 0.5549479166666667 0.49074074074074076 0.03229166666666667 0.05648148148148148
1 0.47942708333333334 0.3347222222222222 0.027083333333333334 0.04722222222222222
4 0.35208333333333336 0.25787037037037036 0.024479166666666666 0.04351851851851852
3 0.21015625 0.5856481481481481 0.036458333333333336 0.062037037037037036
2 0.1484375 0.5569444444444445 0.011458333333333333 0.012962962962962963
2 0.17630208333333333 0.4837962962962963 0.011458333333333333 0.012962962962962963
2 0.19921875 0.4217592592592593 0.011458333333333333 0.012962962962962963
2 0.23645833333333333 0.31851851851851853 0.011458333333333333 0.012962962962962963
2 0.2520833333333333 0.275 0.011458333333333333 0.012962962962962963
2 0.26614583333333336 0.2361111111111111 0.011458333333333333 0.012962962962962963
2 0.4036458333333333 0.19490740740740742 0.011458333333333333 0.012962962962962963
2 0.50234375 0.19490740740740742 0.011458333333333333 0.012962962962962963
2 0.6015625 0.19490740740740742 0.011458333333333333 0.012962962962962963
2 0.73671875 0.2375 0.011458333333333333 0.012962962962962963
2 0.7497395833333333 0.2759259259259259 0.011458333333333333 0.012962962962962963
2 0.76328125 0.31851851851851853 0.011458333333333333 0.012962962962962963
2 0.8182291666666667 0.48518518518518516 0.011458333333333333 0.012962962962962963
2 0.8427083333333333 0.5574074074074075 0.011458333333333333 0.012962962962962963
2 0.6645833333333333 0.6638888888888889 0.011458333333333333 0.012962962962962963
2 0.49296875 0.663425925925926 0.011458333333333333 0.012962962962962963
2 0.32057291666666665 0.6625 0.011458333333333333 0.012962962962962963