4 0.7020833333333333 0.33240740740740743 0.0140625 0.025
1 0.6330729166666667 0.39444444444444443 0.0140625 0.024074074074074074
3 0.39088541666666665 0.687037037037037 0.0140625 0.025
4 0.36875 0.6990740740740741 0.0140625 0.024074074074074074
0 0.31484375 0.6851851851851852 0.0140625 0.025
2 0.32447916666666665 0.26157407407407407 0.007291666666666667 0.012962962962962963
2 0.3841145833333333 0.26064814814814813 0.007291666666666667 0.012962962962962963
2 0.44427083333333334 0.26064814814814813 0.007291666666666667 0.012962962962962963
2 0.5651041666666666 0.25972222222222224 0.007291666666666667 0.012962962962962963
2 0.625 0.25972222222222224 0.007291666666666667 0.012962962962962963
2 0.6848958333333334 0.26064814814814813 0.007291666666666667 0.012962962962962963
2 0.75859375 0.39305555555555555 0.007291666666666667 0.012962962962962963
2 0.7588541666666667 0.49953703703703706 0.007291666666666667 0.012962962962962963
2 0.7588541666666667 0.6069444444444444 0.007291666666666667 0.012962962962962963
2 0.6859375 0.7398148148148148 0.007291666666666667 0.012962962962962963
2 0.62578125 0.7407407407407407 0.007291666666666667 0.012962962962962963
2 0.565625 0.7412037037037037 0.007291666666666667 0.012962962962962963
2 0.44427083333333334 0.7421296296296296 0.007291666666666667 0.012962962962962963
2 0.38385416666666666 0.7416666666666667 0.007291666666666667 0.012962962962962963
2 0.32369791666666664 0.7407407407407407 0.007291666666666667 0.012962962962962963
2 0.2513020833333333 0.6069444444444444 0.007291666666666667 0.012962962962962963
2 0.2513020833333333 0.49953703703703706 0.007291666666666667 0.012962962962962963
2 0.2520833333333333 0.39305555555555555 0.007291666666666667 0.012962962962962963