3 0.6393229166666666 0.43194444444444446 0.0078125 0.013888888888888888
1 0.6213541666666667 0.4601851851851852 0.009375 0.01574074074074074
3 0.5989583333333334 0.43148148148148147 0.008333333333333333 0.014814814814814815
3 0.5583333333333333 0.4263888888888889 0.0078125 0.013888888888888888
0 0.4979166666666667 0.4976851851851852 0.009895833333333333 0.012962962962962963
3 0.4979166666666667 0.5087962962962963 0.009895833333333333 0.018518518518518517
3 0.4630208333333333 0.49537037037037035 0.010416666666666666 0.018518518518518517
2 0.39947916666666666 0.47453703703703703 0.007291666666666667 0.009259259259259259
2 0.4276041666666667 0.4638888888888889 0.007291666666666667 0.009259259259259259
2 0.45364583333333336 0.45416666666666666 0.007291666666666667 0.009259259259259259
2 0.5010416666666667 0.4356481481481482 0.007291666666666667 0.009259259259259259
2 0.52265625 0.4287037037037037 0.007291666666666667 0.009259259259259259
2 0.54296875 0.42083333333333334 0.007291666666666667 0.009259259259259259
2 0.5994791666666667 0.4166666666666667 0.007291666666666667 0.009259259259259259
2 0.6276041666666666 0.4212962962962963 0.007291666666666667 0.009259259259259259
2 0.6572916666666667 0.425 0.007291666666666667 0.009259259259259259
2 0.6747395833333333 0.44074074074074077 0.007291666666666667 0.009259259259259259
2 0.6572916666666667 0.45046296296296295 0.007291666666666667 0.009259259259259259
2 0.63828125 0.46111111111111114 0.007291666666666667 0.009259259259259259
2 0.5953125 0.4824074074074074 0.007291666666666667 0.009259259259259259
2 0.57109375 0.4949074074074074 0.007291666666666667 0.009259259259259259
2 0.5442708333333334 0.5083333333333333 0.007291666666666667 0.009259259259259259
2 0.4627604166666667 0.5152777777777777 0.007291666666666667 0.009259259259259259
2 0.42890625 0.5060185185185185 0.007291666666666667 0.009259259259259259
2 0.39739583333333334 0.49675925925925923 0.007291666666666667 0.009259259259259259